9194
5458
5667
4979
8169
13435
13307
5002
8197
8423
10549
12666
6529
6425
11215
5128
4143
9565
9312
679
5378
620
11690
13449
278
279
6606
11710
12657
2003
7587
6798
4137
10066
2723
9431
9302
12976
7517
10741
12621
2771
7893
11087
437
5586
10762
10679
630
8818
1162
6730
2731
4376
7369
12379
4233
7571
12589
770
10202
12413
1401
1493
9919
7428
4669
9370
7257
12495
7845
10722
4495
2083
7232
6631
7040
2301
3216
6645
6125
6948
235
9756
1561
1737
3035
1945
3919
12141
3446
13430
1367
9024
169
5183
3069
3399
11973
973
