11399
5548
10395
5689
823
5885
8937
6534
489
660
9415
7708
7577
4572
11888
11154
5319
13302
9200
12163
9075
7199
11822
9352
10896
6738
4203
6553
470
10909
12964
8724
5482
4183
11612
7456
9816
5778
4351
5638
6446
4921
7537
13180
12542
3136
4894
9098
679
4216
3935
9146
11515
6836
4500
5828
8108
5694
1379
4659
11365
11180
5759
5572
4784
11075
11917
6217
3986
13339
5532
12276
4976
4026
11784
10562
9374
5734
2859
12275
4892
3110
5988
7487
4181
2340
11699
4723
3900
7701
11852
10359
11671
8693
5438
8401
10694
4732
7809
12648
994
8641
2598
4952
6258
12264
4742
4705
5895
8430
9453
11474
12788
12034
11368
12539
4875
4393
793
12100
13100
13004
3871
8278
12232
11211
10162
12520
10378
4071
6494
10160
8772
6207
12199
12735
3681
6733
4424
11033
791
9948
6363
3962
781
7750
11597
11661
6061
4372
11708
12086
11153
3941
5802
913
5448
4919
6799
9178
5842
4172
4239
2601
10124
11107
2743
10518
540
3380
11251
6447
5560
4735
11432
10810
12091
4199
858
4174
11905
11038
9413
10408
4310
422
9325
6373
9177
10659
10833
2043
4350
11496
8133
4941
7022
5886
5109
7371
12834
11785
4066
8813
5525
4392
6938
5036
10674
6838
11662
4844
13480
4834
4016
12089
784
6569
10941
12669
4645
12093
12241
12567
5733
6174
12254
13390
9758
4357
11505
6830
4147
9092
5736
11052
8214
7580
9452
5818
7675
4435
1242
10424
6215
11742
11171
6386
5484
11049
3989
6
2951
11182
13381
7800
12704
9274
13163
824
12925
11306
9022
11131
3717
6197
7122
6248
4394
5587
4943
8102
5120
6411
7619
11634
1490
13036
8225
515
10155
6087
7726
4923
7054
5899
7153
11356
12802
9347
12737
6914
9768
2456
12573
11212
616
13086
6270
8769
7624
6228
8349
12378
10071
631
7583
4168
12881
9746
2966
9351
5333
12789
11715
6190
5486
6858
4446
4111
6187
9571
7178
4752
13403
7805
1786
8659
11965
5196
9102
6316
4418
1531
4666
12966
7228
1217
6445
852
9108
5943
10457
3939
2633
9216
7086
6362
4247
3816
13172
2392
9615
11016
1111
4085
5471
7417
11833
11190
5590
7505
12304
3811
9235
10869
4112
6128
7591
3621
11422
9938
9813
11386
316
4855
3909
2938
5324
10096
10823
5215
6152
3904
4211
1396
8820
718
7143
2234
13479
9652
801
8665
6756
10129
1271
5652
7672
520
11278
9270
6848
11457
11304
13432
7499
12437
8919
10335
7768
13495
6342
9737
13225
807
11214
9350
8840
6146
1216
5501
9530
5772
12526
10762
11398
6033
7688
12351
11320
4776
2343
13295
6354
1590
9360
8255
13066
9169
12968
8658
7782
12081
9827
22
3133
1417
8710
2790
11713
12909
11819
8395
9739
6827
9340
12087
4701
8602
10939
5701
9130
5792
9100
927
400
455
6753
12302
12454
9358
10636
11426
4519
5742
8995
11804
8155
9744
2216
12910
12915
7890
10325
5674
8704
910
12337
7671
3796
10689
6944
6538
4726
10828
3345
9472
12554
6891
7876
3708
9042
3679
4223
9572
10156
1237
5405
6678
10768
11112
6556
5445
10804
1418
7874
11328
11102
8810
2001
500
8992
11469
6487
9810
13160
2215
3195
4883
13503
5743
9208
4677
5822
18
11227
9402
363
4362
13477
6097
5028
5035
9065
9124
13424
4142
2364
5231
6904
1392
12051
6337
13164
9222
11195
11836
6158
8437
7482
11183
6564
567
8702
3124
4971
2603
6714
3214
3225
7844
1445
2619
10591
1222
10265
7563
10
7050
10057
10257
5579
2916
3383
12401
13069
8917
9497
8930
6783
9050
10218
6419
1710
4224
5353
13280
9030
13138
8895
5003
9462
689
6732
8287
12922
10682
332
8740
9387
13
5393
11540
13241
9980
5143
2785
6960
6813
1951
7906
4170
9905
2519
2620
1821
4037
13128
11199
6224
10116
8450
3760
11273
2941
5704
5210
8632
12953
2145
2837
4227
12196
10125
5356
1524
7094
3328
7840
4568
8376
9466
5746
2496
10646
2950
5174
5626
9429
2927
1618
10576
974
13275
11200
12025
3010
891
334
1256
6439
3347
5242
11443
6394
12408
2870
6684
2703
2182
8443
13494
2282
12447
12343
8856
9153
7571
13051
3120
3959
8623
4011
12607
8259
8248
562
10055
3729
8962
9627
8974
3614
6319
12796
1952
9240
5901
2284
4042
7268
2486
6202
10205
3280
12372
4690
8748
7987
8263
3637
8870
8964
2039
2491
7255
6261
1756
10575
9109
10109
12311
3079
10449
4245
13074
11228
4994
1056
5871
3848
3131
2279
10287
1320
3695
2591
8321
12240
2990
5499
1043
4132
1803
10705
8353
12175
5140
3003
6376
7455
1615
7751
1146
2925
2885
6340
3938
8891
10041
10542
1573
1655
1448
8396
2845
1666
6653
11094
3556
1783
9672
1444
2133
2005
3353
6948
10139
1068
634
6575
2396
627
2897
2124
1339
1464
3529
2256
2550
1705
3342
266
1107
87
88
8476
5716
2493
10044
8548
1159
3510
5279
7329
1165
8250
1869
197
3423
1787
2171
2262
1303
2684
2836
7757
64
3660
7719
2882
263
37
11089
8735
1731
7082
5812
2502
3522
7432
10263
3013
9269
1261
1871
12005
2183
10747
10047
8030
6649
8553
8272
82
1229
267
1501
1003
3493
246
1331
3892
1542
1942
167
7738
3479
3788
2443
10556
150
4809
3675
6913
2500
3906
7123
7218
4019
9842
5159
2297
1283
5158
7020
1873
3497
3228
7300
894
1447
512
10745
2042
3480
1312
1828
350
2993
3548
5169
7024
5118
2184
1137
4404
7046
1674
2909
10478
3651
1209
6460
8329
2428
8696
8382
9787
9866
3667
367
7798
3650
1559
11983
6236
1180
6627
4869
8591
1167
6645
2850
1366
3462
3413
9267
1010
6673
3428
1458
8005
1281
8118
7363
2441
187
7297
3090
1197
4512
8680
1774
10419
2439
44
73
6311
6893
12471
2686
12479
1006
3538
3501
839
2289
10466
5268
3054
6571
1058
10954
3649
352
8452
3767
886
12480
3470
135
5614
1367
10191
11975
8120
4812
7532
8294
1315
815
1205
53
1564
9993
5424
3499
1268
