11795
10979
11446
12640
10756
10697
13326
6989
4203
4872
6278
6135
7382
5396
13510
9231
4489
11405
11606
6578
7618
10100
3846
10210
6864
13249
4083
5129
4372
4918
3966
5863
5098
11120
2716
12313
11748
6353
2311
1399
4314
12974
8887
2162
4309
13205
13103
2934
12156
5441
7608
3889
8586
8040
820
8733
8865
7063
2860
5828
4302
10594
9160
2320
8402
8198
5569
13099
6275
2947
4875
5659
11302
11607
6327
11011
11784
7675
6412
8220
10712
4434
11757
2595
11802
1846
7592
3000
7794
3707
7785
6748
8970
11350
8134
12538
12189
12806
7156
11777
12254
6338
5138
5797
6447
11542
1985
10883
11127
10845
5055
12493
4940
8017
10548
7227
5021
7556
8018
6193
5752
11265
10272
7314
2596
11076
8906
2210
12517
11593
6987
5895
13152
4549
13368
11257
6448
10013
4973
6384
5658
8203
13191
1232
8105
11375
12961
12713
5922
4335
4645
535
8936
1747
11944
7869
11036
1440
13250
13194
5540
12600
12946
4730
7085
13437
11576
10874
11455
7407
8774
4906
6204
11468
7838
9458
10363
12884
8566
12735
8368
1932
12327
12093
13252
4172
8550
795
5989
2594
1119
11599
1120
6138
12035
4357
4843
4482
12252
3697
8156
8599
9415
4216
11218
8771
4959
9126
12788
5641
6230
7824
3718
8943
2965
12997
10038
12262
650
11401
3696
640
8852
12256
8624
6328
6100
13061
13434
5887
5454
12217
11732
6004
12670
6579
6058
5748
4978
7902
11198
4148
9941
9936
10948
11156
11708
5607
7685
5548
4659
12227
4756
2579
11101
8398
3775
7111
9354
10369
6532
12882
8206
9952
6784
13015
6795
13401
11241
5482
4563
614
5437
5025
6258
9948
5560
9878
6937
10531
9862
2271
8969
8745
12201
11903
11673
1506
3993
4894
11248
10132
4682
10650
6164
3941
1350
7346
9484
10408
9332
10242
12729
12955
7918
9282
4490
5319
3700
7679
10943
4871
11604
11564
7374
11787
6257
5619
13433
10105
5109
8744
10247
8381
7200
4212
10626
5011
11169
11052
8945
7868
2043
9446
13324
7353
6584
11750
13450
11641
13390
10726
3845
596
5640
7222
8922
11367
7607
5127
4731
11334
6986
12940
2980
4806
5994
4991
11447
13023
11721
13076
3885
4181
11828
11180
5439
8218
2741
11730
6095
13313
5796
8977
2817
12180
13400
7800
7476
11477
913
4173
4953
9591
539
12241
11831
11843
9094
4660
11155
6186
10521
8942
13208
10171
8990
771
6926
11507
1231
9583
11039
8693
5938
10659
12067
12793
8360
10653
10455
486
8394
11588
8216
12515
8640
4435
11185
11674
9311
5667
11945
9575
10946
5749
12133
7534
6425
12680
9333
11874
1245
2281
7108
12807
11269
11723
10371
3900
8613
6838
2743
13151
8215
4062
10290
10233
7547
8358
4712
12243
3046
6171
8472
12158
7577
1881
11559
5865
10498
10101
11626
1240
11704
3977
10913
5654
10916
6962
13508
4913
11654
6939
6964
12982
7397
5946
4985
10812
7479
5075
12751
13178
12740
4788
8929
10494
4697
5005
10998
6301
5004
13209
9925
2457
4750
11822
7027
9331
11680
10837
4698
7817
6358
9486
8430
3381
8200
8571
8468
6402
11246
3985
10475
13171
5655
5739
5007
5189
7903
5997
11237
4378
9888
4807
8257
5995
3763
6529
3942
11916
5835
5790
9178
4151
537
6443
3874
6502
4850
3257
11268
9146
1852
12305
7071
11724
6284
6298
13472
11782
11920
5877
9476
11464
12225
12960
12533
8378
2946
12644
11043
472
12535
11071
12787
5845
1931
11445
6583
13120
11495
7846
10470
12060
10333
10772
6585
4767
11574
12629
12319
12543
4704
7960
4200
9763
11323
6073
10638
1347
10588
6108
4356
12298
10849
10511
10666
369
5647
4804
13456
4034
11653
13298
7644
10026
12539
9177
13464
11709
3204
9907
1777
12567
10603
4662
3820
12840
11354
6027
12181
5802
4751
2951
12883
8104
1002
13461
2889
5491
977
4333
9526
6469
7619
4259
5426
6521
4359
10963
9274
7706
4295
12948
8931
5751
13380
8229
11603
5712
13509
3717
10317
6054
4720
9202
9412
5666
11408
5524
1379
12636
12062
10390
1139
12992
11624
6508
9166
13536
11701
7439
10932
5861
5448
7603
7486
8491
4371
2672
11589
11896
12250
774
8588
7220
6878
4661
9292
5693
3920
4707
13485
13367
9758
7739
13006
12238
4329
442
10649
13017
11733
3890
12092
11657
11780
279
4481
2335
4071
6602
4400
3876
8400
10905
12089
4844
4502
11622
10892
5808
12763
3831
1397
3726
5
13097
7812
9015
8133
5618
3676
8161
9391
11417
8132
11473
11344
2827
6001
11382
653
13025
5562
707
10061
12836
6594
4684
5605
12038
10730
10379
12601
5977
4147
10259
10698
9958
12925
11403
8631
10367
11343
9388
11676
13253
11931
10949
9912
8584
12257
13223
13260
1584
3364
6046
613
9564
13379
4525
10810
13238
4288
734
7392
4183
1348
280
10299
5492
2334
12889
8667
11243
6217
8664
2088
12205
7076
9414
3136
4267
9095
10036
5416
410
4770
5632
1227
621
5547
3884
7605
13043
6000
3990
11474
6470
3354
9607
11264
2604
9099
4818
6527
8978
8638
4131
11351
8279
8618
10380
4202
5921
7122
11475
422
13370
11152
10216
5418
782
10665
10615
13444
3275
12282
9411
10833
12496
12034
656
10910
12756
7669
4064
4184
11801
11526
6176
9134
5122
6967
11366
5091
12278
6534
12512
12988
12224
13299
7856
4345
9167
3777
12247
9295
6836
2615
4749
12259
361
5999
12983
4119
5736
4453
5686
10467
12691
9556
13257
3857
6837
11383
10429
12245
11504
12834
928
11905
4493
6175
6245
8015
4360
8425
9565
4919
9398
4842
3671
11917
11416
5126
12128
10627
11033
5706
2582
843
4020
11154
8715
4219
7793
4932
8171
7073
4941
5517
13027
4294
2735
13222
11655
11771
12122
4846
6961
1699
11779
13318
8915
10523
4554
2981
6510
9189
13321
5633
10592
6415
8109
4437
12497
5852
9023
7959
9013
4681
8026
3849
4198
7357
13507
4721
8968
11613
6226
7653
4150
10322
12853
11687
12114
2205
13381
5571
4834
6167
8699
11523
12624
5369
1894
5661
7674
11325
2602
7700
673
9567
5696
4457
11312
5694
11796
8723
5866
13427
661
8642
10919
13085
7889
8600
3960
4990
9339
11463
4104
789
10972
7936
4892
6587
5415
9770
5422
10876
3933
10873
2398
12070
12191
12023
13383
9413
9151
5857
13064
5829
13519
11900
11639
11791
13325
7580
675
11747
4826
9523
11800
3367
5951
10886
3673
13351
11693
7837
11337
10437
12251
2601
5070
11667
6494
5698
12816
5128
11543
10651
540
4860
11055
4348
4093
12665
957
6421
4713
12995
11187
8168
9818
9477
11640
3375
4715
8957
11551
11563
8773
5469
5993
10836
3272
4942
10166
13057
12506
11656
10359
1233
6349
12537
3976
10533
13013
9924
12261
769
5006
12901
489
12056
11117
4912
423
11958
11760
8401
4969
5019
10255
12160
6061
2091
9260
8146
10755
604
11645
11797
6830
6568
4497
9338
11390
5945
672
8743
11177
7891
3754
12248
8726
12272
7395
13162
11292
11933
12222
4125
4711
4204
4949
12540
12579
674
7176
11578
10889
791
8359
12561
4312
687
733
5708
7526
11959
11632
11597
7292
7359
7379
8666
10436
10389
12578
9374
12185
11778
11497
13369
8474
454
11439
6206
5734
11938
3173
13529
6834
7886
4454
5777
10614
7110
10656
9150
8222
11353
4851
11252
12529
12166
1398
13339
10667
9283
5093
4185
5541
13352
12321
5539
7177
8635
7836
9939
6480
10970
13306
7411
1834
10396
4451
11374
9357
5438
1609
8528
7978
10674
7388
6846
8772
3373
11697
1893
7548
13130
13028
358
4057
3298
10357
13545
13159
8112
6985
7224
9408
11942
13488
11669
10065
5810
10630
6516
11785
5374
13060
4920
9816
8787
5550
12074
5707
3112
11418
3006
10260
611
9566
12246
13175
8423
11695
6212
12908
6127
841
5190
12124
9850
736
12121
6363
2261
10003
10773
6398
6359
12907
12172
10358
8512
11448
1929
8636
3961
12656
3931
4622
9241
11710
12287
7825
13183
11685
6444
11569
5111
1646
11179
10512
6136
9764
7718
4874
5068
1381
5542
12562
11347
4263
4852
6348
10639
6005
3994
11283
6252
1619
11770
5136
11549
8217
9226
5384
8911
8020
8110
13004
10852
10423
11854
10941
12221
7745
5896
8169
7140
6248
12320
12824
11793
12169
7389
7247
6466
2260
13420
4552
6720
7246
11250
8778
9592
10221
6308
4961
1439
8921
6733
4716
4286
6768
12916
13459
4628
13532
2641
7860
6294
10663
6132
8985
12732
6744
4849
12728
878
10342
12710
10984
11457
8672
8148
8455
718
4992
5029
9456
10708
281
3909
13515
10822
10001
3939
9900
11522
7813
13498
11581
11879
13135
6767
2389
6159
10605
803
12270
11817
6935
13548
12843
3067
12111
9114
8251
7584
3259
3304
3694
5570
4774
8563
9621
1496
8574
2222
8447
508
7503
7996
1384
11018
16
7463
13286
8827
4182
11753
9347
10096
2087
4165
2612
9753
12303
7252
336
2967
6598
13256
7683
9133
8564
7426
6352
11533
5381
12866
11623
9218
4306
6796
4175
1374
4278
6565
7398
9949
4909
7583
6267
3183
11952
13309
6918
7451
9042
7288
4078
10824
9706
23
5670
3132
317
6488
13345
5114
13458
9612
5016
9997
7333
10099
2710
9000
3065
11143
555
8948
12663
11102
11538
11209
9768
5847
10325
12052
4032
3378
2721
12847
5844
6637
5219
5761
5721
6743
9431
5290
10900
4301
5405
6928
10784
12789
6187
7984
9890
1147
1575
22
11387
10235
9128
7270
7781
3622
209
6761
9449
7672
12146
9009
6785
7447
9519
7433
2779
8227
9716
8097
10751
6141
11705
4231
7384
7822
7615
11331
6432
9304
12443
7893
8367
12171
10507
4291
9902
9623
12765
12018
9613
6609
492
8209
6914
11113
10508
10288
5232
550
11487
10535
2021
5942
3869
2337
3704
9277
5727
3066
11103
8363
3826
11863
13531
219
8249
10528
3980
12919
8418
6234
4244
3139
5488
5043
10350
7164
6142
5933
12437
13030
6708
3781
1611
5683
12435
13431
11193
7054
8308
9314
2117
5420
6715
7961
13158
7472
4107
2957
7875
6920
8907
6040
6117
1578
11647
2666
2863
11085
6557
8959
1598
9539
6483
13343
11388
307
9350
532
1076
9588
11534
2022
10790
4922
10510
12395
11764
11151
9530
13141
9316
12436
4133
3212
11557
7440
12095
1589
9697
4907
9615
5952
13267
2332
12659
9149
6178
13088
12699
1993
9337
11454
732
7658
7688
7834
11836
10175
7139
6861
2813
9173
12697
5652
5537
1694
3032
13478
12571
7145
12333
10853
7449
3825
8387
7807
4383
6119
11041
3789
8950
4432
11927
11755
9303
363
13285
683
10707
4532
9454
7876
5781
7511
1357
10323
4113
6388
6952
2299
2259
2800
13426
2361
7734
9503
2797
7501
8481
3092
10262
10155
12397
2712
619
12621
9198
2216
702
2715
4476
1662
1292
5324
12101
6316
1016
12149
6237
12200
7626
7958
8947
4776
13009
5079
6395
10648
4226
4802
9921
6115
7018
8686
5729
11208
9404
6965
449
10107
13547
2191
11846
12774
630
5059
13134
8980
13402
7922
2640
5077
5578
4168
5841
7502
12726
12855
4376
4789
12987
12700
6558
507
8987
3973
6474
8673
4701
11924
7636
5792
11262
8810
11839
4589
6982
2293
10312
7365
4230
13331
9571
12583
10788
4936
1081
2362
4752
3137
6180
8099
4794
2532
11861
9587
8685
1675
10899
4983
2561
4492
11261
8065
4012
12360
8527
13108
11954
2763
10066
2938
9828
7319
6512
7882
9586
5301
8211
7321
8207
10072
13000
5133
9019
10589
10157
870
6940
5450
11713
2345
13119
802
549
7202
4823
4375
9617
1271
7295
930
9457
10314
9257
9735
1577
432
9276
7937
5193
9244
13423
6473
5552
7305
12500
6121
8721
12602
4824
2801
12440
10006
9645
5931
10238
5009
3094
9702
5787
11320
8165
10671
5406
4508
10327
3262
5768
6781
6092
4668
2135
738
9186
7500
13035
287
7495
11437
4013
12650
11915
4379
12098
12652
3295
6014
13174
5621
4307
10059
6559
2120
6698
6107
6689
11136
6397
210
7600
11456
1193
314
11396
4617
13287
12857
4771
12727
6247
6361
6064
13115
5202
9951
7116
10414
9433
9102
2003
8345
5365
3924
11472
8706
9654
11167
11205
4221
1074
6485
9168
10968
13516
11527
2775
11116
11620
8155
4445
7597
11222
4855
12105
13550
3838
1436
6324
8882
6946
7697
11530
12993
11371
11849
10376
13131
12069
798
5648
1216
3783
7943
3580
9578
7138
8013
338
10401
8728
8524
7671
10052
9521
7362
5636
8645
6638
10819
4112
5411
1529
3099
8594
13353
670
2652
9864
5649
11380
4087
11157
6341
4429
7628
13487
1624
13447
8254
4315
2517
8939
8083
4856
873
12068
2808
10536
10891
6280
11529
8465
12848
12556
13032
11420
11528
4821
12918
8981
12017
9741
2292
2658
4591
11584
7766
305
6731
7091
371
9401
11635
10878
10486
4916
9073
1085
5582
10489
11715
2136
15
9959
3955
2515
777
9808
9184
11966
7529
8039
11804
12881
13236
4111
7132
2025
13552
8364
1375
520
12923
11816
12502
5730
6746
9341
7276
8487
6144
6868
11328
5486
4277
12183
2318
6116
5906
9117
5502
10236
4915
9507
11369
11253
11147
5288
12033
2757
3265
13133
6742
468
3678
11926
9047
4573
4649
10434
12720
9367
2558
5485
11637
9920
9235
5904
2134
11190
455
12258
6564
5185
835
303
9986
8415
8526
8461
12337
9747
6996
5332
6200
7014
2765
9483
11315
11372
11224
9493
10888
5360
6851
5367
12441
9305
13284
11573
4337
10689
6556
12917
7214
10686
9450
5728
11811
7301
1623
5081
9081
11111
9885
3621
6486
10106
10060
11531
11921
10080
3111
7368
4368
10068
11651
12867
5041
12716
4142
13145
10002
3912
1031
12357
12494
4273
5521
13095
12723
2149
3175
2100
662
4664
7015
6601
11819
2029
13341
11139
8818
4322
2767
5740
10373
4944
11286
5175
11935
1667
3319
10664
10728
13136
11027
1599
9494
5772
10308
4085
7264
9614
7493
13446
6922
2851
12304
12040
10463
11833
4297
4923
12692
6916
10004
8275
10776
11636
11140
12945
5375
11587
12328
10341
9502
2639
9698
9854
7517
12838
4827
7231
5671
13001
3870
11746
5872
397
4023
6228
10976
5584
527
10374
10534
12856
11358
8246
12865
9223
13132
8949
13482
8657
8283
9538
8489
12809
4274
7894
10641
6869
6945
1391
10271
8072
9278
8979
1930
6524
1162
10604
3957
8336
6396
6281
7316
7144
6452
400
10800
10904
10607
12778
8646
10253
9532
13225
8998
11754
5326
13220
3377
8995
7442
12364
10758
517
221
7558
6482
10387
8282
11803
1393
12965
4140
9811
9400
10000
9572
3747
10774
7527
8992
11876
9746
12717
10820
4963
6097
6511
7285
7244
5329
8539
7698
728
4542
10375
7204
10847
13332
12748
9531
12677
9813
5467
12695
3997
2217
3693
10770
6753
9957
12784
3829
2855
11629
11837
6848
10031
283
3305
10580
5472
6540
11953
1073
13394
3315
4246
3840
2858
6191
4588
11950
1685
8210
13107
13499
11808
4548
9220
2614
5714
3097
11458
4080
4031
6031
9124
7421
5948
680
7143
8338
9769
5974
5838
7162
3119
12911
6201
4059
5320
12288
2221
11682
8562
2610
4901
2080
8839
3299
3252
3940
1372
5613
9197
2215
9141
9717
13089
9008
4627
11812
11936
8838
9253
365
1695
5915
6140
7955
9063
6231
5651
6608
7293
6360
3770
1024
11912
7141
9509
12588
4157
11303
5718
4934
1148
2953
8602
635
696
12570
4270
4159
3197
12912
5690
11608
10309
4211
5585
7448
9950
9893
10928
6044
8084
4327
13373
3571
8547
5589
10121
3899
7009
8243
1704
3824
9652
9007
4648
10879
7945
4007
9570
9064
5710
7489
697
9821
11568
11763
10384
11385
5780
8348
5042
5108
12612
896
10551
10405
910
4571
1354
6680
7656
5135
13037
3944
11471
2962
10404
9196
6780
12126
10797
10792
12329
6441
5501
8462
5419
8806
12569
800
895
9736
3866
286
4518
7302
8416
10789
12352
493
12893
11960
4138
9130
5914
7713
11878
5097
2983
11532
7732
7149
9291
529
601
4326
6233
9440
6086
2668
7417
6789
10903
3682
12660
11386
4416
11469
10977
6039
13422
13237
5936
11184
6047
3568
7103
9175
4596
11207
12860
4967
1994
2308
2795
7249
9382
7420
5663
1982
6033
9468
9302
9087
8116
9436
13063
4864
8373
2138
599
12334
5476
9752
11712
10438
9369
10071
8063
12598
6792
5203
3772
4629
12235
5392
494
8370
7462
1389
13308
4544
1430
7265
6591
4702
1143
806
6323
8538
3949
11227
9906
7782
8888
2242
9243
435
9585
4950
9065
415
4178
7771
10685
2386
2030
13439
11395
11128
7017
13261
13156
12331
10981
10360
7772
7492
10567
7298
10413
7304
4423
6104
11019
10249
12969
2708
9360
5194
8131
12359
12090
2906
11357
7898
1838
8525
12718
2787
2762
6343
5366
2692
13161
12895
6409
9622
10135
6769
13270
8730
1735
10854
2966
3970
10579
5325
13110
4015
7372
9043
4968
8829
4441
9851
9518
3117
5982
4820
7995
12123
7901
10966
8661
5544
2989
12177
6331
509
12694
6015
6088
6999
9106
7767
4250
7627
9343
9346
1622
7904
3190
10732
904
10818
11
8965
7845
3165
6224
9473
7650
12208
9039
12618
2992
9026
6082
7792
13243
5067
12468
9286
836
9784
6106
3382
3327
2916
6929
4765
2586
13290
2548
3205
7723
9546
7572
12306
8263
12058
5575
8313
7788
10752
4811
12623
11995
7414
9658
7028
6150
10642
12510
6909
10297
3328
13127
3235
4987
3699
3745
6930
11509
10583
1121
2929
11134
9203
4696
6716
5181
9155
9838
8522
1146
5086
3815
8435
4160
8314
10561
5200
13101
5513
5779
10391
1862
4412
4164
12553
569
7917
8205
8954
4324
8502
11279
3049
9438
8095
12050
10554
12341
8346
11511
1762
2323
8608
13283
942
548
6499
8478
7402
8356
5558
12271
7565
11893
3050
13169
12832
12485
12972
13417
9630
13105
10303
11044
1055
1913
5243
9819
882
2943
1221
5793
2395
8496
5493
744
5692
12549
10851
2182
10302
5490
12310
12934
290
2887
12622
7562
8892
6764
3914
392
1761
7642
8877
1191
10329
5874
9307
5221
1166
12403
464
1522
1757
4896
9164
2226
386
12419
5208
10613
8450
14
7948
9157
3162
8923
9618
8043
647
2890
12021
9730
9905
13124
1047
8621
4616
10448
692
12345
6090
9657
876
8068
9181
2535
3388
8463
3864
10831
12641
9709
6250
12374
3633
5703
7096
9903
9119
7829
332
10445
3185
2678
3287
3003
293
11736
10128
5435
12831
1949
2325
3365
8192
13045
13474
11057
6063
12495
7207
4743
5711
5197
2461
4253
12459
5566
11148
7550
5307
9627
11894
3268
5430
3322
1434
2593
5795
3118
6765
3068
5627
12420
6803
1914
2645
2333
8749
205
10295
8918
12339
9778
7989
11235
711
6809
7194
3152
10229
10839
7190
3247
10880
6633
10261
4763
8964
4346
9461
1402
3806
9782
11510
12760
6264
1848
9359
7057
3612
12971
10241
3300
12592
8317
9629
8266
5610
4879
10555
830
9798
5312
2273
11280
8503
3184
5512
4241
7696
3124
10148
10153
8859
6345
13229
5875
4037
10168
7450
665
12398
565
7842
1567
3991
6133
10624
5897
10721
8930
7377
916
6011
10007
7258
3379
12415
7827
3786
13544
10765
9896
11462
1293
6895
6814
10427
7906
5908
1056
11555
12452
7832
5355
2062
12772
315
2190
10591
6822
4396
2950
8094
2167
5140
9004
7508
5732
11059
12933
12488
9803
7754
10307
7830
5113
8552
7530
7095
10850
11461
5225
6547
4782
1824
2349
12712
12347
992
10328
1094
9297
2098
13240
6772
9825
2465
861
4421
10167
7174
8878
10504
13274
8497
10032
8590
8536
3023
12332
7191
8035
8902
684
12458
11499
11443
5220
3634
7460
9724
5235
7189
11056
7424
12687
499
5302
10544
8152
296
7758
8544
8287
7296
2925
6514
4283
10180
7348
7263
6382
10450
6889
1680
4050
10703
12446
10057
8310
2496
7974
7248
7351
10058
12464
11361
10250
8319
9807
10076
10225
2526
13104
11150
2231
3609
13336
2035
5143
7006
11231
6745
463
12461
1507
6013
1224
10025
10127
4285
2624
274
4527
416
3619
13077
4027
2407
9846
13416
2794
8166
3916
275
6847
13053
6777
7831
11618
10094
7272
9563
10214
2491
6805
6077
1618
6816
7821
12469
4038
13046
9847
3384
6370
8064
3391
13411
2849
4980
10456
3637
6844
10525
5296
8475
757
6707
10451
7380
6783
7987
3995
12951
12773
13083
9318
9296
10222
10355
3888
1742
7113
4124
13018
6856
426
5315
7665
5960
9033
10301
9562
5064
5284
329
7789
9080
6631
13279
1688
3077
3116
8577
10095
4886
6055
1256
3187
1038
6802
1493
3007
3366
2039
9299
8912
7226
10611
8088
2357
1378
6776
10587
12758
12072
9067
10354
8126
7338
6498
7720
2272
3012
5446
11165
677
13385
2885
6815
4240
13386
8962
12046
8082
10286
12450
12045
4837
10352
12416
11738
3206
10787
7313
7206
10226
7126
3802
6931
4694
12973
3632
10655
10287
12044
10552
13363
8377
10617
4593
4170
9917
11022
4194
7251
1096
3794
8172
309
5462
5854
7002
8175
3021
11615
9298
8616
12530
554
6691
10110
429
12589
6958
12596
7730
12049
9832
12841
8861
9976
9326
378
8315
12372
5702
9968
5066
12039
10453
6732
8471
6693
13242
12675
3123
6513
1638
393
545
948
10237
6321
4513
5349
9034
877
1548
6078
956
2490
3728
330
6203
8620
5966
9869
8622
4040
9118
7455
6818
11554
3638
12914
10330
8269
7168
12043
8975
752
7991
4529
9661
11322
2462
8849
5606
7055
11737
4413
12985
10239
5514
9443
2870
4366
5178
2365
6376
7515
6806
4047
12487
8376
7790
7516
6694
9500
7802
12401
7553
3610
9387
9844
7828
7634
10813
4607
485
5095
4764
12411
10488
2972
3692
6853
10256
10428
7563
12131
5233
13396
5588
8093
12586
2276
10207
13362
2177
1042
10204
758
3158
10266
3640
6439
5969
8737
9370
12796
9636
1318
7050
1054
6450
1052
1262
2282
10
1687
7211
12447
9329
9632
3818
3182
9248
5141
3159
10093
12766
12743
783
2902
7101
9979
5902
5218
12209
4505
2673
8610
6801
7005
4060
11892
10481
3937
5314
13366
7187
8835
5139
8736
9980
5824
6643
8876
9708
3842
4334
2485
5869
11766
1400
7097
13398
9322
10584
1702
10449
7431
2155
4568
13080
2942
4167
6943
5092
7866
6734
7331
12662
6436
1673
13273
8800
8973
2370
12405
7983
2919
7042
9077
9994
10223
10381
6771
4171
7041
6684
3140
4600
11775
6712
6484
1547
381
8081
13047
2012
7061
8742
816
6251
2026
5463
4614
10364
3074
1424
6076
335
1014
474
1767
7973
9206
645
547
13232
9249
2619
9466
5347
11321
12463
6721
6549
1660
8498
1790
5211
5295
1655
7796
2628
8322
5461
6145
9731
12370
5316
11414
13525
12196
567
12990
12346
7773
2553
7582
874
13494
1756
2941
2785
4292
10446
10487
2053
7755
9840
13069
3608
10480
8071
10625
203
4665
3267
6717
1145
9323
9327
12349
9732
3968
3635
12467
10365
7150
9050
3607
1524
11891
4583
10397
298
12661
8137
974
6724
4465
8411
6956
5608
2166
2020
999
13374
4566
4501
10415
1904
4988
7254
4163
9554
8570
6887
3040
9153
1765
10558
9154
10257
2643
10151
7633
10565
10735
4001
8390
3269
9797
12193
6083
9488
9604
12240
10938
11485
12591
5968
7391
1078
7928
6759
9361
13247
9725
5310
12338
9723
3686
10306
10825
9045
1404
9417
1053
6457
2285
12207
12688
4630
2770
9711
3297
12507
1657
4620
3363
9660
12135
726
126
3192
4908
2287
155
6627
151
10019
10282
3587
3178
4347
11993
13201
8477
2681
6995
3393
12141
7068
2786
1802
1307
760
60
440
1570
1513
2253
7622
3396
1642
10420
3236
7621
10416
9694
2759
2488
2625
110
3663
357
4019
8767
2581
6865
5800
9122
4675
9998
1543
1062
590
9422
1003
4478
625
5263
259
3037
5044
2350
8682
8357
10778
1451
649
2570
1158
8291
5161
480
2955
266
3041
258
9005
3176
2018
1818
6647
3489
2373
6828
3338
402
90
6973
8193
4534
1030
6263
2609
6026
3051
12433
12391
356
12006
2780
2657
954
1471
3248
12628
862
2891
3246
2109
5498
970
9684
3666
5596
1602
872
3191
10283
8130
1070
139
3293
8420
759
3549
12383
11592
5278
9142
10086
9336
3674
7760
2600
2472
10924
1106
157
581
2831
8762
9933
778
12950
9054
83
161
8294
5814
225
10702
6718
2646
5340
1581
2382
7197
4126
1797
3029
10014
67
1822
2828
1155
2648
223
6344
3349
4448
9403
2114
10018
2440
3078
2696
3644
2421
4601
2699
4839
7363
3525
8295
1941
5337
1248
2606
3556
2168
141
2564
8029
1215
231
26
1421
2132
7435
3536
294
2400
8779
5820
923
6923
1266
9209
574
3469
1732
85
8554
6239
3397
1564
5258
2290
3440
4506
8403
3223
102
5252
9775
10631
1674
10145
1659
3355
6898
3015
1953
2778
9690
3455
3499
1022
8050
3102
10744
2502
634
7432
7470
11987
1665
10195
2850
1698
10137
6423
2986
6966
5983
2199
578
971
8292
1588
2635
1473
3738
892
8032
5464
3095
1727
9693
68
1872
6845
29
3027
1466
4777
8149
2834
10143
4153
2845
11967
1690
12139
9793
1229
379
753
787
2077
459
998
1182
174
8073
4868
2396
326
10748
1129
4657
12818
4402
1312
9620
9675
7574
10959
7613
1415
2449
2899
5346
9771
384
2213
6628
2469
3765
10516
12428
3434
3522
36
2405
10141
3055
1759
1734
3739
27
2294
3451
889
3044
1184
8793
1339
1204
2468
2516
1869
197
3480
690
8189
3081
3228
1908
2244
8869
922
7114
3665
1999
175
3025
6975
3240
97
9930
2747
3596
6660
2820
2202
5272
12381
12009
3466
8422
6675
8305
398
3508
1664
2071
3264
6428
11999
3653
199
256
9284
3523
9777
511
2948
246
1963
2824
7047
9285
3277
9664
2015
9855
1896
3412
6269
8766
4858
11980
6624
5125
2084
3276
4426
3478
3740
1587
1373
1176
7497
1358
244
1356
5725
3646
1156
3428
1280
10954
1853
6377
9935
1479
2377
3339
1691
1686
2877
4511
5343
3166
9842
9182
1064
1769
9929
1717
3422
1774
10263
1586
9857
3369
4781
4136
1351
1478
7518
75
1276
3538
9086
346
10683
1058
7630
1343
2724
190
1653
2684
7692
8676
3409
1652
10599
236
5230
2194
3579
8054
2918
12013
353
7021
1309
13430
1491
8078
3421
7179
1179
6725
3648
7193
8153
1345
3511
2798
779
6546
127
5336
1212
2031
5167
2717
592
947
1327
2085
12471
4762
2647
6648
5148
10138
3220
9689
31
1007
2416
1149
10194
2130
2206
3410
2835
8448
3585
9670
5250
3509
4736
1234
12479
8926
2480
2475
12708
3283
8546
132
4656
1900
71
6652
1817
3517
8515
3645
7297
2
5149
5597
2198
2569
667
3488
2408
3554
3470
1151
1720
5848
153
3497
626
12473
1218
387
1511
1754
325
2376
2113
1550
1157
2417
3597
1715
9993
3086
5155
1323
9992
5170
7593
573
1235
2123
7281
2529
10142
10174
2984
1974
2544
3856
1268
8047
10545
3647
1533
2879
2702
7182
2112
1324
720
8925
12424
3439
3502
2748
1192
5169
817
780
70
37
9678
9974
2045
6894
7185
3177
2685
56
257
1365
6503
8127
1101
3356
786
4737
2861
176
6882
10515
2445
4887
11971
2719
3603
3413
2208
128
737
2049
4746
2013
1719
8548
8051
8867
10749
8118
642
3906
9677
3456
12630
9252
909
12059
1831
7123
1813
10757
4404
1332
7437
2583
5850
1481
2893
1443
2434
8678
6658
1712
6615
3767
4004
1764
3531
1450
714
5282
302
528
2898
3353
1005
9756
2954
1523
1301
101
580
1631
944
3417
8656
1472
666
1795
1
9665
6311
1482
7046
1283
5277
10187
1779
8339
171
2958
2738
163
2076
6617
6876
839
8863
8185
1279
3541
12811
2065
12477
6260
11092
1161
1865
3241
8320
10956
1363
1947
11094
2523
979
3392
170
2746
9795
9789
3473
1608
1635
3450
3919
3847
1509
131
267
6969
7218
840
5424
2939
5262
1201
7454
2900
8543
7323
181
3494
1411
1186
1178
3675
9672
854
4671
156
413
1643
747
3683
6669
12984
2753
8510
5754
9680
10473
13197
111
1483
5755
6657
7160
1956
4814
5883
2543
6843
3893
7954
5156
7452
5460
3521
2034
1317
3351
3404
2546
589
34
8397
1804
8340
1924
2937
345
11972
2534
1105
1409
2017
1117
1428
6673
180
1825
10464
9791
3018
5268
8855
1938
138
2178
1462
3590
9055
193
8330
1861
10955
7820
1969
8270
52
2751
6672
8451
5394
5259
6646
2201
3400
2756
2812
8085
2998
1707
3454
2680
9679
10047
1841
9079
986
1476
74
5372
3350
3150
524
2254
1209
2871
8573
2691
9667
10173
2892
172
6460
1793
12386
4387
10090
3543
4812
4477
142
2430
12426
1066
3219
5803
2042
12007
3527
7684
632
8237
129
749
2493
107
2184
6905
4282
3584
5338
622
761
2448
12387
12476
5520
3468
2295
7093
162
9372
2574
3149
417
6701
9104
8289
30
3809
1705
5996
1752
5162
1971
196
198
3808
1492
2563
9685
1198
2655
1203
78
238
7035
2895
6671
6392
1957
1131
2530
10742
10184
268
3330
10540
2915
1448
5614
10193
73
2265
6625
11319
2200
9918
6674
3661
5159
804
2777
7325
4252
1488
8479
10733
194
3507
10814
3427
2128
3237
12385
9767
1911
3730
8561
262
66
1973
6774
7999
7184
945
2791
1630
43
1366
3425
7521
2274
399
5760
405
7030
1559
12431
3069
1875
4498
8053
9487
1955
1554
6913
254
6832
4196
5157
2590
6618
584
6886
188
4507
5595
3501
10139
2288
10958
7770
1167
87
591
543
6651
1960
1153
1595
4610
2985
76
2277
2255
1159
9269
2693
12002
1933
11483
1108
9049
7052
3448
11989
8125
3221
3654
5386
1467
3449
1809
28
6670
2372
8499
2471
10517
5616
3090
3664
1789
3331
6908
35
2441
368
11998
10382
3883
9633
3420
10750
7286
897
1452
6729
355
1946
7012
990
1966
1474
8464
965
3308
3230
11097
3436
5984
7601
3557
1633
1873
2173
571
2075
10951
5254
7033
3154
2353
4118
3052
2832
3100
7422
1382
7513
1304
11088
1442
4070
1780
8789
743
9975
9856
178
9430
5624
9843
3843
3444
2894
