396
13539
6021
11039
13369
11798
6289
395
7524
9352
10633
8523
6072
6333
6061
1120
13205
11202
12883
4852
5857
4742
12150
538
5441
13445
8147
5738
12295
4660
7886
6830
11382
4729
9552
2595
4552
11899
977
3777
4637
6027
9150
4564
1777
4640
12278
13249
7825
652
10165
10962
503
11188
7072
12060
13116
6103
8158
5457
7346
4955
11795
13238
10627
9899
7896
9380
8143
12669
7620
4104
5938
9091
5000
10673
6386
3717
7994
12085
5659
11688
8614
9364
11604
12671
4093
11906
7982
10003
5736
13234
9477
4717
13181
4484
11626
4349
11853
10357
5417
10694
1381
4895
10640
3754
9523
8550
4302
11375
6508
11722
3875
5819
11251
4843
6447
12224
13323
1310
6422
12251
6736
4360
10726
6989
11340
13210
8473
11603
8135
12942
9837
12279
12974
3724
13099
10882
11086
1292
4544
11183
7500
10098
8580
2556
6372
7955
316
2797
13255
8719
6752
5761
10134
12018
10709
9649
12625
12455
5783
11213
5215
11755
7421
4012
7433
8629
10327
12604
4914
9737
2149
9576
11454
9921
12718
7129
13037
4664
7301
12101
6754
13329
6634
10249
8419
12442
1084
6325
4810
4129
3969
8985
11570
11659
4950
8650
3320
8706
2364
10855
10324
10774
7362
3319
11553
4702
4337
6362
11765
628
9347
6635
9697
4519
8881
2799
13327
372
10238
2453
11581
4225
10770
1497
6396
9741
4233
11519
8661
7694
12677
13164
6932
3838
13226
2640
11025
13308
5105
4105
6200
13107
6223
11157
6132
3262
12088
7277
1387
7698
9401
11125
6141
10340
3569
6824
7213
10339
13011
2614
10600
2771
9124
11359
10035
4823
7121
6246
5648
8183
11162
6950
214
6788
5411
11763
5301
10112
13036
5405
7720
13398
1547
9464
5939
12106
4117
9708
13052
3291
3639
9963
7016
1527
8972
13387
4616
10034
11002
12662
12024
10935
13186
9460
2950
6322
5811
3630
10487
13018
11738
13272
2653
1567
2322
7520
12661
4503
6320
10153
546
4808
7414
2327
12466
9246
5209
5957
1441
4028
13244
10838
12406
1403
1507
12552
4215
4410
9898
3814
5354
11511
13336
4600
4815
8856
2319
10
9048
6844
9497
3180
9785
8893
4197
5095
13188
5916
4775
7704
10552
9955
2177
1018
8484
10617
5240
2943
6783
11256
2026
2490
8151
436
7096
10625
1998
2323
5466
4038
9894
13281
3005
5711
7821
7828
3248
2493
1305
2307
76
223
7535
2403
3561
2348
9934
7193
2396
2277
7021
1674
2573
2518
0
322
968
2418
476
6811
8062
4319
3564
1197
11093
2839
1297
3350
6899
1647
5156
1957
321
1278
1809
3311
6648
9694
6172
12385
1184
2570
3018
1736
248
3455
2667
1362
2024
714
1060
1268
10574
6460
10283
6890
5252
320
1961
1934
8516
8860
7867
1116
6649
5267
8189
130
13204
1637
9874
8464
3667
3542
3240
11967
9777
3431
1713
5386
11980
2689
1070
2073
4737
2229
720
4275
9005
1249
998
2857
10082
1313
2481
5357
12104
840
6978
1750
2443
6673
5803
1482
2924
9666
3055
1543
