199661
181664
121903
224143
80580
241924
143790
210466
147488
226728
77786
221735
193433
233289
208268
52839
225899
83422
138599
75781
45549
144811
256216
93546
78896
50910
30968
101826
144501
172029
222957
146477
130752
10779
163320
164103
139064
212827
3602
247204
193474
191016
184216
190033
193860
154859
237111
115317
238645
195210
161944
22629
98645
51166
52284
95453
141149
118017
214040
41570
27263
197917
97918
106600
262099
250409
166569
219551
241286
215357
72413
141162
228611
29463
181172
79416
84050
117341
225971
247093
67231
77451
181214
225433
226852
224743
22685
223192
8659
139322
186410
670
22544
9577
98892
1888
31292
67430
20338
233361
