233046
251067
254094
117402
231613
142037
11881
97072
257975
178966
99883
48079
65934
208991
211489
76830
252302
241511
52469
71883
124388
233570
85450
227744
169669
192312
107570
149401
87233
175300
67586
227062
150632
131228
62093
55884
30136
147542
139792
82526
69068
186391
135381
25695
170868
129997
81113
74914
162019
41484
60506
146414
133609
104220
78658
108724
240243
189473
87670
168527
233230
260814
244811
104793
155013
182472
185742
2653
64204
67862
76069
145852
100132
119404
111912
135716
54398
174000
258994
64601
246133
202166
203808
137691
26921
223534
121024
246467
5471
258599
190350
245183
113380
197655
164904
232281
176734
230094
240147
231253
182753
63048
10733
157651
106735
184179
167230
42301
118248
34555
199359
101239
208688
46868
210890
237619
172749
128582
244809
70788
87112
245779
134455
7995
189571
191704
170514
198914
97124
119343
109113
138672
167609
134530
183559
148479
214460
67945
145546
61127
26645
172340
187322
54488
83789
136356
193296
163963
82715
198696
169119
63593
130034
95171
249074
107438
263729
47114
171681
124610
14455
146650
230590
61581
114215
227003
122821
253604
166899
247336
195136
91630
117611
183220
41162
235793
3709
228992
155074
195719
129487
242194
119266
178247
158584
156591
245055
129724
122042
76521
219286
97819
113241
73486
123768
198708
203939
99852
143704
222785
157608
50573
15643
147625
23461
237220
17415
146465
179353
20724
67086
149087
151656
241580
112451
64914
127480
23699
26001
260664
26856
250285
264170
242390
142126
226832
184066
245276
149925
257577
207223
147646
95730
140705
150277
224266
86858
147945
100066
214675
190015
197784
252631
17266
115051
183165
104725
109061
236949
43194
98215
195596
166911
30430
54833
22466
173436
146386
4426
83694
251893
169617
60552
80031
213987
63985
121000
59068
119270
91959
142557
96209
258049
182729
153202
65942
92180
209488
99158
206092
95925
133767
66124
258019
228475
32143
211664
149176
129698
161497
190748
108213
92399
234165
2862
75069
159373
84285
197641
164027
79017
59716
191279
162024
179750
205985
149650
82133
108220
176221
179773
143216
211799
261374
221822
252025
98164
47504
119778
155601
192192
150669
224043
244903
133546
5018
76959
189798
106052
110311
86965
165790
75021
208830
142938
180337
114161
77997
228767
183271
157036
142290
239751
507
177633
211562
256253
230473
139652
202035
123292
231467
172723
166867
111846
78161
252787
261912
120830
48894
142308
74314
95507
89993
233411
94760
192214
188033
89153
194088
73139
6751
244941
83291
168788
171103
251511
37655
243741
201699
225327
151870
243544
92272
199835
220551
225613
222806
255235
50563
131296
15858
43260
70117
60120
244574
96877
83051
135515
188708
101512
71952
64308
99589
250294
252353
169731
76649
254718
65819
136936
172905
232185
157459
129807
173934
215896
21623
93922
115066
20993
54652
138818
200444
40674
139177
151305
26242
61027
176748
14050
243507
175339
79845
125161
47360
1354
257669
12508
196997
184934
4695
181060
13588
13719
64700
84818
72338
228305
176623
170084
50882
303
11684
260782
145079
196787
52658
41664
33775
153530
48024
30975
145493
28149
6032
261092
5649
116100
11047
60451
63917
39283
122685
3456
212210
99590
24473
2769
229545
12326
104169
43037
95706
79469
3921
170465
27314
17459
116568
11957
156585
236255
31991
12978
64295
79962
63475
50242
188369
