9097
11578
13103
6274
10667
8239
10892
5438
4357
8434
3849
10616
11671
11930
8107
12074
11173
8105
4938
13545
11518
5434
11381
12194
7555
9517
12276
7076
6388
6149
12367
8490
11128
13220
10719
4492
8995
6680
5476
12652
5500
13011
10758
9290
13161
4643
10040
10877
12825
7120
5405
8757
5537
8324
7054
11110
4914
10721
4060
10328
905
6106
12131
1097
4194
9846
298
6924
12445
3181
9916
4527
1191
4410
10975
1099
3
13121
13388
1484
2115
10090
3246
2689
3453
6718
1563
6968
8554
5118
2125
3499
137
10418
855
3538
3474
2732
3560
6665
