3994
2827
12576
8108
10298
6289
11791
9524
11048
4800
2980
4961
12133
8612
12636
6051
12283
595
11250
10065
12159
7467
12640
8745
4876
4020
13024
5857
5027
10615
4685
6580
5573
5994
1440
8915
919
12680
7718
4956
7599
2601
13183
5925
4370
1231
1310
4054
13176
12890
13113
769
2281
789
12280
13485
3763
9822
655
10398
5706
2090
10898
11674
8774
6328
11202
540
4488
13508
13182
8121
827
12238
3172
4750
5397
4181
11078
709
3046
7670
11187
11565
537
7557
3717
5842
7846
5964
6291
7576
410
11632
12567
4721
12099
6959
12963
10560
7547
9015
13305
11310
8017
11347
7678
4713
13497
11271
7895
4873
4016
5136
7570
4748
4949
10317
4662
2981
7741
3950
12810
10160
7682
2404
12219
7812
12305
6283
8216
5618
3749
8946
11497
9764
4637
8631
4051
12608
10608
12184
12068
11913
5912
6142
805
3262
10984
3795
12938
10800
10238
11253
1394
1605
4531
13504
6330
731
12975
9586
5290
6592
13429
8242
13255
5730
9573
803
8326
3909
809
9100
5205
9740
10976
13459
12593
306
9454
12081
11772
12830
11047
5392
6596
520
3621
6418
4320
6087
2721
8013
8950
10606
5952
7383
6507
7131
11566
12632
12918
6595
5331
12709
11119
10903
12809
6187
7425
11147
13165
3138
13037
11320
10388
3939
6522
9901
5232
5890
7527
10253
9172
6201
5400
9921
8821
1835
11359
12052
6132
9642
12913
1983
5034
6280
2760
13532
7851
11450
8747
1085
3573
13479
449
5601
6754
2235
5555
1271
3195
7421
2858
10506
11636
2799
7635
13167
6761
8540
5077
9116
2036
9469
6442
9540
2391
5087
12749
11765
7493
6867
9343
5537
9742
8367
6092
12739
5326
7956
9465
1222
9723
2697
10241
10005
9046
7168
2940
10228
1856
12880
10226
567
2496
1225
5225
6055
2306
12339
4163
7910
12415
5967
12641
7401
4010
13279
9839
6133
3209
10397
8533
11300
1260
5528
2941
6126
542
10570
8953
10213
5206
11234
2884
11756
10813
7821
5692
5139
4283
3180
12767
13274
12464
2321
10612
10722
1054
2890
2669
7790
1126
5349
3618
2553
436
3804
1168
6757
6537
9803
1851
11484
3185
5908
7400
10306
4808
13409
5347
1567
4355
7428
1607
12463
12058
6375
10223
9377
7040
1673
4582
12607
8384
2810
4607
1962
11201
2990
8736
10737
10074
5242
12404
3162
3463
9974
477
9929
5230
9931
10745
1254
4387
3467
594
11091
12818
351
9611
1870
6995
3109
3435
2540
262
4077
10778
3465
3215
8897
5848
2049
171
1355
1361
2277
725
326
883
354
7184
7036
11459
8900
5725
2597
9961
3409
9673
4599
1467
5335
6620
457
990
183
1340
2154
321
1864
4477
3264
5168
759
8070
7299
8375
7325
7323
1366
8123
1236
2996
8193
8191
8001
267
2132
3565
1315
3351
6662
2662
439
3577
9121
9868
3473
2688
3350
2399
1634
2388
5882
3462
3220
1414
2408
5160
2445
4328
2125
7536
3397
5477
12012
3500
9689
8793
9694
259
3740
583
3431
9053
10881
