378329
31604
2288389
2366121
440522
1497566
38764
1826240
2325540
244744
191120
361177
58426
307896
2387511
654835
956334
1596716
1000420
2388264
2347526
1899940
1752032
2385404
71413
391133
2246150
456082
1194630
768524
52118
2337484
1721166
2333657
490404
345128
709977
985230
2387152
78034
1659176
338625
321467
2376155
1543475
1043885
1563380
1560501
1443558
2220303
717093
264316
263715
1430615
1936922
158215
1113718
314459
1830418
447433
64566
345886
2385584
89449
314424
2387213
169690
2184592
948664
1319620
260998
697421
168319
803558
505429
296300
556417
149677
1694595
28944
59144
420617
117973
335114
120402
409
410213
595634
402036
77206
1566920
378112
128571
371073
46251
46092
215122
349661
1295120
223413
