2392329
2233199
2334854
837292
2205219
2381345
2366304
420036
66859
130089
2031650
715991
2380868
1592276
2393510
2386200
1424038
2393352
2389357
949983
2382168
2185594
273985
2393243
1213622
1063086
326032
2386017
1045401
2363406
1343989
1035783
2371879
1287773
132129
2385747
1115450
553429
289499
1047294
2341781
2371161
430535
2351985
1711653
681252
74567
2372495
2347811
258849
1511917
158389
1187551
1832734
1063979
383874
1234198
1736008
1474859
2372044
939498
546592
1707508
2378429
2329401
1313954
2314110
347307
2391502
516402
2370922
2389154
1402407
67616
972291
51532
2360488
1955207
1348994
704389
2389359
161573
2368719
1759091
2364334
951710
478439
1395535
2290576
125919
993641
411862
217804
2388085
1411690
1000523
689661
2392661
471011
447445
1271515
2342114
1073489
488565
455561
1688239
809263
2260908
2337870
662576
2388420
2372249
949440
296358
239124
1550281
31330
1058700
671885
2390884
944612
2200941
1890054
2104522
1200013
779109
1947006
2373423
462489
820482
1037687
2392898
2380723
423318
93101
172175
405173
2387280
1604422
1691981
1392176
134855
128187
1404423
330818
158263
359602
394665
122778
2371417
2320527
2178473
1991844
1271228
2382215
475436
52880
2379350
2369425
218006
2390650
321785
1057918
2366140
2294939
121739
1989835
261941
2351657
1557824
1968824
689989
659566
1233013
289323
704850
602492
2217310
1149471
1390934
2358800
412561
378157
149901
217001
2385893
2151766
940778
974708
2382374
829572
446627
1215249
2353134
1654737
69429
460326
190639
457703
295031
731814
2264076
790045
2336247
860679
1013838
2393663
1978479
309512
2372631
1531992
284986
2381852
86186
2386616
1272667
2383223
411737
130315
2100220
1233061
2380976
486847
631865
148050
791012
1984424
2016215
2070328
490963
2239905
747331
1353621
129546
726692
503165
2251867
708008
863116
2329602
199605
2388082
304061
2342277
2144940
1916570
1460196
1214066
2384673
2375528
1335933
853742
320479
2392693
1420999
70890
148115
961430
1239488
2392052
2317276
735459
120524
2390576
726669
1679308
2203425
2366354
849772
2380470
1812934
2380593
2342353
192900
106273
2303764
2137062
254212
427937
2250316
304828
562427
812893
158525
215220
30555
2343362
268142
2089336
859963
1621252
51165
662336
1058790
273251
155627
151038
337040
685919
399204
137120
1946509
120163
1113913
1051064
1120789
1474850
1878417
289216
1826230
2184860
577333
2366503
375521
295899
87718
668943
670495
65755
1688247
120750
495670
1692995
98915
296391
200956
190751
268992
109839
1601985
2386588
1134027
1282555
2309525
87691
1322239
205246
262273
210299
193155
2101846
1750202
647096
1877509
256900
709036
59503
64625
1596331
223418
2383382
149572
2095554
1497585
2385701
215174
484292
31809
1227676
65578
11028
2345669
99835
2357467
1380022
149388
2376108
106221
791186
314470
471026
1268439
75044
4367
420372
1063982
236917
608
160233
380285
1944235
555869
252268
188892
290726
2009084
688891
1148061
803558
573465
50987
127654
186446
370853
146856
335261
148793
120557
464
2364301
17288
70516
427920
64123
1984382
4374
108744
146682
88349
146892
146614
159333
786855
416
309510
155323
17232
17114
1005309
195664
148955
425336
171043
58884
144464
79125
189534
313645
636885
3897
128308
298928
254309
362809
335177
69412
141526
243952
732701
169992
146676
117272
159221
17022
120533
4169
294733
88340
155224
170104
128458
147657
107488
1173486
1266972
757572
780386
56778
475110
280350
948405
17091
117274
119840
2223271
149159
343606
91026
108397
173375
38678
190305
66840
70969
1049320
108073
191700
117618
192899
120250
578
58977
1870083
144557
50957
1362206
215579
1700136
137049
259
282758
518374
132643
148448
868
149121
1156942
129802
421272
4292
