214959
231470
132816
175884
497
75578
87611
156360
155307
1662
60727
34836
69658
244378
229794
77261
105325
125593
237965
244629
131469
63362
234348
225638
256171
241816
158869
239415
163947
16537
128164
238001
133627
254640
167751
258135
96976
228614
108761
156351
116730
161489
66724
94457
155636
94054
77146
118595
107635
219464
88379
224463
99846
97606
145606
187324
174247
99031
247560
75911
205735
226153
226418
47385
42004
178702
102938
17309
25572
162203
203391
158541
188788
130628
159569
235955
163055
114032
254747
142243
54031
198750
32619
198747
163575
51657
111723
253924
207360
121941
90214
186437
244774
126403
128005
240152
256495
220561
126597
264020
263773
178338
174004
96675
167872
105871
241720
261323
110318
206050
37777
2776
237632
203923
7355
167239
142083
201963
222331
118063
66651
112114
145563
149449
128452
172339
223679
206415
171202
41669
158902
114711
167597
246316
261322
237284
142373
116951
121714
135934
188630
164140
172703
27585
186890
203826
116520
241957
148050
55502
209004
170321
59493
10904
85865
173246
100922
125003
226871
195611
228213
232104
195626
228292
95428
78981
264342
179561
131999
214803
158350
32166
180415
185329
179948
87591
132673
184197
213509
249278
253546
101127
148940
169521
60984
187075
107286
113877
222387
157874
138557
194578
231735
234926
35455
69738
226748
247999
68636
229880
238567
131685
257722
250523
239020
229363
159056
136753
72455
125717
224977
255720
262861
102414
60275
38184
112296
146214
96493
88863
233269
183497
70190
176556
138249
182672
111619
49530
229113
89492
122832
190817
124540
56897
70587
257565
253375
249711
68520
46857
263321
17258
53366
180922
94980
153982
186080
189608
171547
162404
138582
257172
198503
223285
84086
262097
196154
262427
95189
249513
230372
198777
86310
166277
235219
156729
67181
68535
111527
234023
51209
179271
183117
101205
95159
225756
227840
154201
100247
215915
197527
193617
102960
114805
191841
44522
28783
93503
142239
216095
208553
76207
155240
224165
52734
140005
131034
137457
61442
48469
236794
138822
92950
114172
53717
197316
78382
172464
190463
192744
138870
28845
49869
238323
125491
56624
256350
107138
242191
207131
186753
37379
32189
87511
240429
139505
232909
104009
137955
192365
263132
33126
111576
248731
133672
214977
104040
93931
82957
235281
107448
215713
165586
168832
19666
199460
143729
258428
198062
62246
221013
205041
115187
210509
138413
166915
150662
35663
123540
89369
169582
64025
201253
254260
225476
235138
250325
234594
100510
190698
7484
185219
237805
10161
212907
12963
43533
210853
111474
52549
197646
138818
57460
20122
68859
69644
254585
138830
164302
177450
190169
198858
214504
233714
183656
58495
180971
257458
223820
191169
119663
23687
235336
240990
206592
11026
128032
130320
85319
56007
174869
194567
40916
199235
110808
106496
106236
96413
164225
238138
50630
208725
52307
71151
61884
165616
129365
27539
224811
64233
117267
9309
245178
132669
111148
208703
145475
141125
215790
160076
211578
28701
223335
9065
110490
98609
150595
18041
136373
66999
400
223621
55469
23643
173368
219723
133068
63369
113964
60820
223267
108871
122771
211312
29445
128598
145994
33289
114635
97996
46988
154153
240731
185651
36380
187419
253222
125706
242145
247037
107269
149355
103086
141596
51249
241207
179557
63136
137661
156188
240909
81553
139520
238204
102421
247981
92022
260702
27733
175998
31347
90572
162377
261098
132681
96787
128423
167170
249383
230639
237368
155723
245006
127546
171032
194373
85726
105722
6011
196736
254673
51065
157213
148744
123870
95631
81663
242860
99754
58569
140827
209110
48894
177848
73483
54007
223967
213587
225092
246647
52936
168084
5454
252824
31839
60081
181135
160741
108336
198189
141836
67905
129188
160000
183591
242650
113070
146189
53977
167517
87756
139209
102808
257666
51810
187481
227475
85806
159462
194648
236231
97362
163880
186948
117141
199510
262685
122950
130354
140679
191378
203014
98988
148105
250363
162017
207047
67257
211029
219341
76544
192369
105985
178949
257737
109020
129132
63063
45361
207632
159496
140575
149136
117700
115499
156856
207999
48180
183439
188607
115654
124981
147308
167435
49457
107813
154292
189712
178665
200934
2828
125427
190772
187490
245463
233828
125063
235226
8143
38155
118064
213846
259672
134026
194403
264583
164427
69439
111707
39205
181322
19577
68626
114527
113617
57022
99118
124684
32851
185418
262559
90635
242872
108965
133139
64775
208338
13300
96722
216024
108915
256768
62695
7043
178336
197594
76833
205524
224548
150781
243650
230088
227303
64112
162033
43450
185382
200444
264247
122185
243943
240515
27368
211390
155558
184335
88516
101658
143119
85277
10497
106246
153292
254242
62438
197892
73734
124147
13522
234618
16442
258061
172846
78967
242545
65719
76813
98676
97030
94013
216329
24126
125323
232591
224574
67611
212351
60838
264958
77218
206449
221418
227839
103296
136660
95918
215966
251922
154897
109074
216575
181201
178096
165488
25353
108580
42743
177380
97896
246335
227678
69956
157784
170849
264858
254075
152155
199206
206212
234908
249755
87898
174682
101914
166546
157294
184370
247503
145987
207123
253918
13211
68742
150513
206185
147396
182194
225817
250108
56733
30960
231156
251813
194155
259056
25678
246758
87895
213345
227206
135025
114430
210310
199650
148311
201817
261715
70437
122549
244823
233475
256080
10107
238247
85027
53195
205047
111977
227640
61053
211516
201091
173057
201009
85347
31324
113776
177021
122599
204943
243236
51185
104213
161972
101807
221313
162903
247965
84637
255671
106567
151120
56679
104974
249802
97072
126478
227633
63021
135651
198733
31954
97519
242335
189307
232038
9756
239387
31966
250102
30271
231100
264041
140121
167197
241739
257262
70948
145543
223609
248145
94868
116770
10953
248215
224771
218157
155584
131331
70091
227978
139993
48389
253129
223954
1800
145773
44797
9251
144175
36530
193605
124903
207651
8118
174090
18583
209961
97
110419
3012
149589
8875
200614
47401
65423
162458
150768
78646
84438
248660
174078
117743
15357
1777
125154
65836
2068
213358
17553
22256
60214
91742
64454
20455
136781
50446
131330
20817
167757
40979
774
6776
9538
198607
180928
239046
157007
3155
9631
33060
12651
161261
3076
177060
39726
216913
12256
46942
185666
188650
244217
138847
195045
107267
193352
209957
230311
117252
649
200432
240471
2475
238252
32624
23683
173940
20384
160220
142532
142368
87815
184721
9941
58030
63061
116458
153411
139762
28200
219517
134467
103267
81426
97844
185513
15307
56765
196492
195271
173679
21738
28836
127478
51641
195505
873
129640
150117
69739
178770
41317
78854
52522
52118
6047
5596
174381
22671
235930
16795
217388
14292
134920
1974
68374
13764
96331
46554
11418
