93704
33994
212408
256793
82796
29816
220161
213077
123633
174900
181919
14439
174602
51729
67619
87505
103652
93984
147519
24958
210116
195230
120177
261406
166313
236751
169939
123118
228134
39662
193484
63715
168213
186974
253334
231267
117954
57230
203338
103646
197831
149616
87380
238226
135879
199279
121686
62237
110002
184580
1740
243698
264270
29979
164906
57361
24000
253563
65560
45871
98543
145409
211669
202122
231969
233998
119265
264263
30261
173707
245262
182045
55870
247045
156702
178274
172627
250575
85291
7151
50366
71331
240897
42815
59758
256589
94286
46805
34834
221068
13764
261594
89694
134435
215694
32857
1619
18477
257550
30059
