10280
92792
135725
261684
140208
230364
263130
18468
238373
71655
229228
190100
253892
46570
220864
20570
196318
65189
114912
87173
63358
144325
53276
215539
110663
38476
249809
210196
250158
37561
70329
136735
93749
58076
141507
108312
237164
161208
230814
153622
8232
135142
221639
18649
163276
41685
176668
117573
238410
258829
68481
232393
261535
257855
254630
128455
147729
236868
79111
233441
107110
136933
112968
63822
203019
127132
223999
15170
197480
160910
257273
83018
160281
254319
97237
28373
212113
170333
213915
189570
55807
239467
91890
137660
237053
213052
139054
95451
47060
170551
68779
182108
250852
87911
248378
160450
249402
220607
222004
189934
198896
47235
26192
88856
7430
98020
221603
183152
89722
138852
155470
255445
176124
149581
51647
150591
237094
205544
105067
241187
157952
27259
151004
245657
50692
47905
133666
128699
114246
201398
65237
136440
145677
32080
206999
89245
185050
164997
230232
236892
196180
27951
263097
206423
250370
150547
254781
51396
8504
66338
144610
106058
77402
250745
105558
204028
26715
260106
159781
207232
232943
69462
188941
210344
130343
246949
264204
24183
57343
92263
99903
997
40764
211205
249014
204700
110642
108134
240907
216531
135214
82042
179309
241470
173106
58921
79478
36813
175197
114718
98610
178905
241137
42306
132487
93209
184241
182772
254693
86819
202864
136722
188476
224906
170496
126622
130972
191898
146287
180455
232630
210740
256450
149251
250915
237036
111398
180013
33350
122956
240272
254519
240201
249710
204471
30426
205869
44238
180225
228102
155892
226402
246253
138374
74958
239654
178598
140940
143018
182970
249256
92248
122015
103593
65174
194503
106669
224848
207939
197701
243902
224736
104516
197613
194051
185464
121103
89820
109221
177703
240828
215025
60541
161931
222366
175994
132930
63182
27403
169661
200271
161473
68744
263472
265002
209181
53852
173473
84768
35629
239148
162079
65995
9741
131302
126883
36594
103468
12990
97899
168943
204372
147077
251111
245880
231765
193855
260465
141217
239018
264065
39150
235098
117757
242640
109990
123774
119480
63140
239908
203223
151903
247687
155867
156103
214447
27640
92096
121301
222029
210677
204331
227203
256921
230433
237082
141568
213268
211657
73784
209295
37235
15672
157339
225319
195514
65446
22456
142543
148819
146631
84033
50379
179235
174987
90776
165212
260936
252739
58714
113004
73510
62813
91507
213902
143970
145308
107858
237121
169107
241022
246740
28815
256015
245610
263308
233861
69035
207242
191808
246484
140568
115307
87462
169076
220739
261604
127172
212463
117846
226624
163624
157574
251431
260620
175592
129165
165308
165751
187030
63014
203744
160987
50990
66591
260983
248624
70243
263772
153968
255886
245906
149037
77462
32776
248962
248756
241278
229496
6227
189950
62243
11288
98519
139904
23502
186628
143254
191370
86292
222566
220824
66735
264821
203618
86640
46065
5144
51231
62850
126532
28732
19510
5724
214482
125105
110043
64295
243425
115050
79418
58859
52482
18033
179393
180376
23427
5846
33313
48089
18474
27198
242443
14165
87645
227978
230201
91841
7
52505
597
9659
187685
98598
197036
66650
117632
13755
249991
185396
5664
29522
2306
214689
116108
128191
216933
49710
17632
111357
814
40654
12261
256919
58987
93869
88360
19673
70454
75850
27190
99497
24548
239443
130492
53232
51975
231541
204166
85131
