93462
153772
28008
69747
251634
147856
35838
229726
235600
147172
211514
227635
187396
22906
13658
192831
248503
51145
188040
205113
11091
115357
139343
220704
71977
85029
88764
147140
235716
18606
58187
134469
223205
260546
151561
245235
183823
98636
93821
121275
33717
84051
85868
210766
109716
204682
252000
234183
123026
227368
103551
95311
253878
227064
163687
185965
231636
252451
68395
38534
227918
210401
102984
33207
243830
97444
39480
198705
144845
66413
245787
25806
39587
116130
248567
101918
60727
226449
181715
261482
223555
209856
25010
207662
31855
121465
89190
190173
206472
12614
136302
92378
73485
143321
249780
177082
153598
222256
59761
234956
237552
235961
177443
94864
148959
71581
91959
182747
124270
194265
69668
209387
252988
83297
246353
141514
201068
192868
158810
67988
184787
133492
202629
178109
160114
213753
207509
147674
108098
14747
101169
97866
55042
4858
183240
130044
63557
166300
129548
139298
39944
120614
123812
17025
37599
70885
26334
224777
63287
122292
2819
210305
33617
148418
174011
200351
116001
42422
94021
162467
44089
258134
232014
30585
138625
170338
159842
180049
230538
224505
175805
83998
83819
89396
214028
15751
103090
195972
77403
166740
248430
128228
213395
79769
177487
252505
257431
81281
90223
250026
221756
164897
254299
235947
119200
195804
134071
96728
152338
199636
68413
98348
141525
263082
118452
64775
179351
145697
140140
54518
113888
161895
201444
189243
199214
41171
86703
153640
160961
183158
226496
214986
45654
15836
239480
189917
131459
193000
174439
260394
194718
136778
185946
243943
150062
141323
150216
167821
44683
182977
119086
238357
118968
137823
26520
198692
212782
65015
78051
23631
16309
198879
206688
192634
250177
17116
83890
3127
82336
71475
197012
261035
138893
72400
155458
116297
224608
228832
123723
225965
138959
254280
204542
183873
14417
118528
136686
85423
113468
175812
250778
158128
137359
180674
158736
99599
220703
184069
183607
39744
98443
83673
264931
99572
248913
197696
51925
164340
44177
87419
245102
116720
60062
73189
153948
156053
17065
257076
79553
207869
194357
147548
143615
247899
143268
188081
80399
252363
146682
66438
87866
145851
111765
191728
70564
25604
124404
82214
239114
177103
80407
38151
230123
202398
244538
111098
138921
80642
246095
201066
212806
173734
54924
151530
69241
201212
129036
132310
228544
173530
122830
239259
191638
263382
212874
146749
171819
95860
221805
123702
106094
49036
251224
163424
92875
170523
37487
65889
37220
147799
74523
205006
58411
108865
116469
97592
142552
111462
209229
239467
120515
163303
241707
145917
99734
152011
72626
154715
22698
181048
131477
107127
264923
50837
24124
10109
258528
221509
91586
135172
146708
220943
2629
223045
111232
194428
169754
7409
42636
165752
205668
206257
163801
193773
132824
142709
247042
122813
122348
43298
11355
177081
106097
27915
130532
228673
180814
87050
262703
209543
192289
187930
53321
110452
246961
157755
108945
108740
56548
243024
207071
90019
143918
165614
9035
135562
94972
188758
132894
36716
173439
189833
250671
176814
171901
87571
210934
37675
149990
103606
230523
237597
185910
56768
243241
244007
165041
189047
149958
137931
89865
246840
179403
48324
138229
90754
115752
100979
91829
92469
115791
82728
148173
135119
214952
175416
88651
238789
42084
46980
170086
112451
42027
48137
13161
111114
232187
227863
63599
203942
33426
202373
29150
114970
79104
197284
225640
139415
111796
239544
223810
201724
145869
165485
78995
150866
257706
184190
185311
106908
187964
262696
124647
5599
206321
180732
214434
136720
251531
255104
235326
6733
123728
240627
192436
208924
134087
101773
237991
149569
252026
213834
61285
79121
21709
110849
227530
253203
257952
75380
63240
40914
112374
1258
142117
184074
166578
35744
162132
204812
148634
4236
191747
101445
114429
212100
87361
107608
13200
102386
243491
164374
211348
122256
101724
121965
132501
203960
185967
110066
117709
219757
17475
261753
198028
109661
235705
209258
118841
240482
191898
257467
235330
41669
89128
133009
19202
51380
83024
129003
143375
194465
98293
226305
152294
225026
215455
191053
869
27743
45896
127506
139608
69008
157382
243400
200764
228513
34849
149084
26116
73929
141714
254649
128119
31968
185814
228133
227884
166545
125242
126317
51407
208555
142169
35254
174406
123676
91232
136700
171844
247973
196090
147846
32867
73816
141258
244737
166468
71947
51623
244515
20718
254225
176083
107617
208345
202322
197433
201858
231218
231646
201376
205684
154779
196743
199372
73750
236367
97724
242597
133756
237305
60351
159047
244132
105308
82034
87894
208645
38485
95591
55856
87945
21020
53703
145248
86388
262322
82363
153572
108674
29256
257182
75104
151527
78839
37044
195050
226408
249457
182550
194550
221364
236452
40572
257005
156637
180085
263303
146326
7404
244301
148433
38195
96057
100035
116387
229479
248230
176890
256622
145793
224964
69831
107797
226610
243309
30692
214977
205826
26800
75106
237027
202272
40028
103794
48554
204486
234269
235493
63993
185306
119067
39308
70501
211230
125090
5520
173754
92357
173027
129405
134476
95053
195229
84086
138827
24214
63212
134539
205981
66869
228047
36576
161574
188616
97513
260587
156514
32949
131110
180367
11102
263354
258449
64878
202983
131463
196393
42642
96610
137315
201798
215344
236742
69084
131619
252198
164486
195091
68063
224013
205595
122610
234459
75012
251110
231254
257639
56806
108898
254126
107029
128373
186204
2246
179328
176668
47418
104367
115956
242996
177218
168065
245131
122455
238950
128996
137510
234077
106701
20996
193007
259139
228574
250674
161394
247312
169484
135815
233995
34073
248674
216072
243101
110049
50919
142097
197481
49245
156532
230772
142614
110520
96260
181261
219106
91430
194297
251959
214198
85368
258736
75134
32350
240922
253029
237283
91153
33418
83662
198743
97309
262324
71849
141668
108335
128071
138774
137815
261869
172633
151846
194661
66489
68537
182257
261121
222404
122761
130298
130571
144719
186469
93124
225846
257315
187911
241984
33956
139083
122079
173293
133858
103670
169515
15780
197288
207526
127287
19162
166614
24617
254346
80301
259885
32636
122571
142377
29519
236689
199810
134140
152571
214387
80578
48398
42559
79199
257824
131994
120009
204980
227055
205917
60218
227414
262958
112896
56528
81202
156343
224207
191259
202218
67344
2603
210265
25775
184238
39070
10635
130556
167844
124913
163963
96764
27579
221293
185003
159350
220356
147797
168972
112318
74715
238360
163989
257741
36216
37651
250471
208562
225253
69513
84209
119121
202432
264350
198310
96906
237968
123795
250968
146874
201156
252658
65417
226385
74025
156636
178461
118444
151602
55263
199040
54562
81520
208553
82927
79632
191468
173541
150986
199558
150837
121049
143889
108393
242689
264546
161838
107773
137320
181625
207585
237285
99615
60199
129553
195927
221282
166202
71597
103167
247643
111517
262874
123119
255600
185158
62206
116090
204904
18185
241136
253928
158047
246932
263479
109642
205203
161776
189319
233071
166780
186979
262507
62342
228183
159459
113953
106083
81152
90217
97305
199237
49446
59625
248029
158559
232304
59711
256045
169940
205097
157456
213518
142654
122203
192862
211720
109356
76084
121759
22643
108435
135789
104634
192751
214280
62184
125805
172155
235799
109458
205143
81601
232985
157397
255745
206047
214094
214337
241311
155187
59034
225197
15842
187979
15935
240103
62387
80473
261280
258237
235777
240803
126902
225067
119047
205688
173967
247766
12928
246025
85089
205724
214707
205457
196033
31492
126967
183852
246634
124455
115884
142181
119113
222017
174084
49309
34841
63491
248549
105913
260937
247594
236353
68206
60378
63165
257514
65339
252248
115578
251340
263638
27963
201678
140340
135036
58119
237578
207175
116433
162879
185304
116697
251082
252592
220616
100694
71018
258018
78321
135629
207898
258755
90453
179557
199811
151078
107779
131522
136988
199501
143750
223822
101905
225321
249241
206590
238493
236433
107586
256249
62287
3835
113091
224698
111511
3056
210876
154275
256463
204619
151102
241386
46066
259806
137996
93637
163273
248064
187504
176413
111171
203989
99169
202422
160753
101779
155183
103686
117996
256731
97695
38789
223710
68779
177177
111052
105424
240043
169656
181154
125357
135483
224695
205544
214774
213190
231211
235997
174882
238337
121181
99295
200473
90046
184909
185125
263561
1544
201648
64529
37803
148871
229391
232155
81553
163675
30854
263017
133433
193619
189310
86971
168686
94999
240942
179576
177446
184346
229172
79641
45368
125244
149003
8044
108766
188888
84348
130961
54829
138360
130142
87620
166346
118010
86656
206582
71435
126364
237411
211016
79992
168872
263342
59143
109845
107207
212233
264039
70606
31206
134681
225838
28020
160576
123749
173813
107976
165552
227503
55371
256839
251376
82446
198634
71935
6794
185912
4615
193819
198092
202826
111888
122233
67181
166597
148157
163067
148997
139087
98863
84132
237007
93147
56406
204327
246866
151604
87049
236841
183288
56067
8637
162200
51617
98791
130114
187712
161929
213539
57482
206197
42488
132253
141182
141723
109084
253653
61348
264108
170716
14462
247051
194363
234552
243981
3182
249999
210909
251503
231973
72521
214335
239011
186513
68095
229927
94907
133438
63602
61125
134419
65196
39421
223520
171411
84701
213409
80470
68326
81168
3967
211146
141740
89473
150813
180923
236532
232388
119621
155671
159666
69627
229864
251781
158249
157900
175501
223328
222189
217049
198024
82956
241700
148371
142401
139439
181462
104081
187551
46525
7740
228946
42172
39007
134858
212541
200330
130315
208980
242079
142914
120698
239126
77392
162920
255088
31089
88299
149837
230805
133497
258112
59377
78718
94168
27702
188315
105417
207025
248767
29772
128669
118760
139862
22339
180374
45604
132232
258698
176694
129518
159203
211808
72122
80332
232627
148356
133413
206853
209535
30894
84212
182781
179178
56716
141210
186816
229839
241917
73019
97511
190412
204410
212703
92938
39011
167143
102637
101927
26265
226038
118239
5232
62612
172407
165621
214720
133577
81270
194139
194157
134244
116101
173547
69749
95484
223515
167373
238298
154401
110487
82664
119313
172452
164063
235195
242562
154613
122146
69016
176356
202652
214758
191905
160790
256406
91360
181369
77640
50289
91768
222962
66694
211036
104048
261060
177358
44319
92940
79425
117523
220976
211596
98386
158001
128154
67534
58403
11104
202535
160499
256495
18788
231023
170205
194059
194247
68590
18706
157497
105080
29187
96692
86786
98956
253240
61451
72487
168231
245031
152627
166134
144368
115755
45431
65911
224312
253681
19477
96653
159540
122791
165605
103191
246950
193156
193615
112769
113663
262321
178123
113424
37929
115109
186648
66002
150430
170836
181603
38890
96979
100219
136980
255243
253760
174697
222557
261966
192595
253162
37258
245859
35542
64956
96560
146730
209874
146549
80819
162864
249136
40638
257852
6977
126883
124805
138428
193166
186706
107065
80906
80449
135848
135922
198701
199173
167941
157536
205504
59506
202451
154732
62459
226754
15740
94255
229439
146606
77276
169422
142881
164258
210903
75020
261956
164312
39326
169758
17253
103917
10930
112064
25019
112309
113525
32855
181192
72327
241646
260574
47299
236323
159673
94985
252258
215121
194021
100240
138033
240150
157398
180632
129598
166311
122367
239490
213100
119447
174699
35725
168959
238731
107340
207924
120988
177886
240710
213524
20655
101368
69886
262203
242976
241284
187631
67658
129535
92183
144974
186236
56213
263498
213163
175242
49571
86792
205378
96907
144095
158594
232932
191622
179492
109181
200092
58836
170998
187448
154171
65544
169310
247991
54363
120902
104439
87771
6299
198176
128066
228876
152193
222146
167569
257888
102853
165189
88642
253492
263877
242475
199410
73744
182270
227451
139716
250910
179821
165132
86372
140272
224487
235010
220110
248054
82483
15799
108301
72732
137213
6031
115266
136665
180417
247385
232858
116201
128033
264416
132309
257291
227552
104403
242594
156040
144289
142900
107512
163475
181107
182476
36114
180219
240380
197383
71663
138461
22725
87249
129609
197800
77449
23273
45225
221719
261856
53733
199646
235408
238880
76105
189716
242809
261942
88945
112518
175903
241621
82983
158987
34509
100122
209666
110653
3621
221323
261340
141648
244441
94986
144239
61482
257853
167202
97028
186203
239463
137831
213104
99371
166386
105674
34148
228210
80772
212869
173047
90675
149637
124877
144954
226891
142602
228927
212624
90602
138894
146626
121547
203301
118697
137667
255126
150845
161941
135366
212170
130625
21803
168119
210358
169088
85257
251077
213585
45755
68719
256424
247693
146607
187145
145923
5465
86556
60719
257309
254517
149732
148116
61136
165177
137196
224155
122277
235517
86172
228674
37753
155240
119976
158923
247079
24310
141609
255530
200535
200203
166536
128541
159103
206023
118500
130249
148330
28234
135398
138711
137022
147751
228459
76107
25652
211985
219700
141724
209940
69920
68186
263041
167410
99796
120427
236050
222684
209693
201965
252023
212649
247855
124679
219220
125061
137717
188847
87407
40701
98324
119665
184462
260012
139662
130833
114668
137806
219711
208960
181351
105051
143772
241520
122182
90684
78430
155164
193033
91424
224405
249946
79932
62198
2037
23225
97057
202808
42963
209850
84049
122486
225471
158042
42686
79187
141788
223355
161186
70908
131398
33057
211431
180863
65252
255759
45526
65772
172322
234416
173891
93450
40778
201681
229976
110367
187543
84714
133427
128664
259956
199110
175165
240244
183630
183372
37255
164717
201443
36210
22986
118188
202201
166682
163642
212702
202066
68366
105076
149523
233796
227002
60963
226623
235787
164621
141994
181662
146112
227148
28447
205200
190339
99080
205360
220553
157588
256847
43270
16090
80033
42454
68308
258455
84243
4346
130345
126788
158181
11659
202810
81161
181775
177420
186873
232604
111493
54620
113562
46070
95985
63653
122904
41884
157028
195009
129182
150074
123829
4593
226917
249901
36911
68199
199951
245206
4978
245936
263504
227087
156176
1269
102539
155227
134450
40773
210562
236673
182196
40066
46551
146217
172038
253600
143943
248835
118658
44160
69336
180631
170633
513
30739
211256
30626
44231
206203
207857
111690
199427
85187
204688
146963
156917
227754
14675
27471
162002
242470
107981
177558
110415
123600
89732
67730
100283
75010
156536
111057
42625
260749
202857
6043
236712
140329
123025
132035
240767
25319
238083
96826
255779
109912
175957
82235
16763
149902
56348
74597
249827
123905
143235
80659
198053
177374
121066
101971
172737
164392
498
6846
138745
132549
231029
145671
208830
95910
142561
202262
212659
191188
55036
159369
97611
250520
256657
212496
89894
154503
197515
144646
26033
19039
63701
250860
144279
149352
40859
224721
132889
108814
158354
161839
203660
150522
97137
192013
32248
121493
87763
254516
51600
53942
138569
84946
14992
186406
65212
200626
233169
253830
114398
114921
29251
216369
139797
127810
210925
103001
33746
158210
254370
223817
246178
227385
108415
177139
131122
160460
130106
232984
230974
173566
123472
192131
142080
237984
24571
212102
58568
226030
178731
252643
118164
197686
871
248313
19045
35818
152430
132693
85250
111062
148225
35288
167999
228944
263633
94621
85080
83193
239878
251260
246662
156970
139740
94873
222594
17436
207395
213662
143426
172630
66565
88959
159291
210130
265134
188072
243277
133453
66538
161911
4292
232727
201426
165462
226708
32099
179704
96902
74281
84384
194523
99365
108347
119674
239227
169553
17484
186622
225952
201986
242181
85454
177469
134078
265189
230806
143800
180366
62386
252858
201808
87149
20151
246996
7756
119144
79720
248026
173076
242296
259436
118650
259728
259652
82627
180574
196873
153823
164388
249431
242936
145406
218705
214016
36993
39581
241062
135492
247768
141504
150720
101626
257319
194457
101721
219961
111760
221817
64393
250309
63408
67992
94843
183403
184699
28505
209245
46478
105006
141528
253954
44492
260753
204879
143647
165783
203744
29117
107282
102212
124561
95130
161622
212879
129165
49906
198756
155719
128586
44825
192072
137906
156205
247537
87133
252304
100852
138202
249657
156595
190720
193358
199827
149381
137537
198505
166858
188798
57085
161126
113996
254172
89513
249843
243908
254824
56281
39924
237144
206417
92053
78572
258623
188702
66933
109888
116238
10482
189035
241298
122686
165658
4969
192976
121771
113749
23257
13639
50363
246298
192339
59497
120308
141233
197234
64308
154980
70095
106503
245581
222630
156067
108296
85933
22394
238549
212868
173486
259455
16692
228308
32338
257335
99183
148873
89745
184761
257397
103135
236970
258249
115233
59842
237846
120603
75917
258809
17076
38503
187710
170819
62661
56881
74000
258238
231857
245547
119140
124732
214106
19892
182539
167315
259315
240101
209891
144802
257304
90122
76976
34702
132271
241089
114577
138697
237085
254653
145944
210474
22490
215874
162537
86291
103699
209058
123932
97983
208848
232826
136462
152889
251411
189557
47359
41231
24176
161985
244099
137383
175694
240255
150611
59887
141111
184005
230878
79176
45401
208945
91545
91614
154828
123343
116031
141028
77771
50131
218816
111855
214768
162067
19222
68936
124976
111871
252540
90412
92575
178758
35546
83511
202246
63231
210904
178761
226769
167919
251008
134885
4939
62952
35660
181289
194199
249447
209518
165066
170459
233901
96864
145527
7602
229652
147471
169772
227870
246069
119485
234888
77240
147785
226643
197600
93724
28437
8381
96250
196496
3623
89867
230906
172486
2771
77412
79557
75710
262941
258967
168364
44596
153558
260436
17016
92436
239536
177248
102725
89951
109404
212068
149882
146020
210091
16957
76462
217918
113850
198969
175737
206035
37239
32836
7036
166850
169993
158713
141770
42878
238520
99427
147363
221510
207529
178886
77690
136010
164203
233963
132201
134279
66817
35773
25084
24157
52910
109710
178819
166113
101322
163468
114811
99941
54714
174312
102527
185847
52541
254165
222785
195862
165804
94811
168845
252963
238109
125535
192312
231747
147529
1145
17888
46250
61438
68927
90289
69390
76376
129093
152755
29814
262888
168810
10067
224857
230218
236933
182773
169502
139982
26958
247561
12242
128044
195277
92406
106534
179690
242275
145866
119886
205563
265011
143020
109210
196319
180829
145036
117276
49316
110338
32481
263149
81683
203953
184546
248565
75786
41661
178312
245393
51276
245386
127648
5114
88899
229190
48969
31869
129893
163385
140809
192069
38972
221015
32557
70733
114879
25561
133899
114554
106352
205667
223489
27835
57471
172141
199253
188904
213665
245066
212115
196523
211918
99046
206501
69885
233072
96512
184826
32141
140575
151991
102173
183568
240294
197457
134359
52715
201038
242039
146796
175175
250503
206296
128194
61359
57089
204784
41166
66893
230348
251475
24109
97064
67276
199944
67801
158183
159517
174480
228175
139746
108112
125109
34966
240074
90181
66936
235198
110256
172571
107401
82672
28380
150921
122696
177355
107783
179073
171951
62941
253770
178714
70926
171473
139399
128234
52506
176966
232896
67866
123794
69192
185136
102122
9710
96941
260888
102108
255026
181554
52331
235288
236797
251335
250048
108234
18024
82224
133071
79429
225727
142915
23340
248211
259446
110806
145807
188989
206711
168691
79143
194784
253059
106391
143989
209267
50975
71381
201894
17391
130935
227981
104402
262272
264776
185551
149808
230688
166714
183098
259945
192633
177398
134631
53520
248898
170947
135513
26864
219657
106159
124375
44171
161009
246557
255134
75052
133435
96804
200903
247508
123233
199482
57490
89366
97948
148400
149915
255728
201785
95815
29299
215591
71661
180279
24173
159771
179802
183376
156875
50950
217931
185738
251011
983
46127
19150
166274
204355
222322
121950
263214
179349
167693
128158
117025
90630
153024
24652
30728
200511
111018
146656
185090
78666
104095
88641
250876
59039
14155
19157
175481
137281
130703
223290
113604
202455
118163
44459
78347
66751
244824
203750
84898
80408
51825
187343
137456
169812
144550
251488
213487
185926
237958
202366
173666
203954
239197
78767
79360
104684
222175
149279
254392
198022
255843
77833
259359
70387
35526
21707
149442
145667
63616
182455
224247
82013
144585
136486
170139
192577
144903
175187
42808
67109
234309
235553
106939
92416
148501
203985
127518
250064
83037
195709
233264
118379
215254
220983
170081
231721
105888
155291
258514
263101
181407
219491
89214
202893
214543
107384
55771
120973
198144
216494
117628
101103
233058
182990
185190
161534
23506
78439
99416
228269
185621
119046
253309
138212
185445
153193
23709
149542
23091
128555
232421
9791
167197
191787
149693
181667
228532
13550
119327
77476
171828
209164
241525
139011
81269
43540
92824
134628
86193
215256
129982
139761
188265
246585
156671
33048
4436
250360
148336
244977
130989
94449
239167
29280
136091
143389
233519
103577
170064
126786
40338
190110
94762
154981
189850
110275
64149
92054
139944
67081
256361
155081
231842
180573
164796
111533
237364
219825
212892
91965
110372
121803
221394
175719
22976
194524
249368
232631
238996
187419
211420
145792
88653
238430
172058
104657
210867
129324
153414
26239
208810
82921
186776
182350
84247
97129
48111
210286
155852
82464
31977
37773
194660
169641
227230
164673
181433
126919
93315
101525
103100
54508
237243
107844
245226
223284
130579
25482
82342
234450
252467
263201
238358
174057
116213
10026
127880
229671
123278
171372
227406
157309
168942
126489
142714
77301
131932
255622
174623
158077
142101
145004
255201
17989
68536
60776
142829
120569
179041
85977
7191
66270
34622
57876
119822
150710
160383
136594
76168
202447
156320
121446
185937
198801
67107
184224
245056
77239
215672
72366
242098
241014
246852
183482
223725
135425
237318
79095
170527
91081
172636
263058
227505
259353
211018
61522
66127
188830
189739
138779
91306
149500
261344
45586
196341
180751
114231
133485
183583
103704
19850
171622
227963
255380
260282
99034
79452
137337
80486
127931
195024
257531
63825
124527
67202
252518
16997
264083
166334
105065
263674
221950
33412
236548
191150
192350
65078
241077
187582
23514
74033
200479
169300
77214
193915
158795
20456
51946
197408
222106
91497
207557
122502
190291
201328
171813
62321
186301
174680
112678
224238
84596
248267
212535
166846
66891
157600
171055
66135
223124
224408
87506
221979
16579
97788
71891
201629
45542
76634
207788
261691
160562
258323
49449
200041
170674
219321
178161
123606
81726
161971
106555
160290
256807
70600
185922
58341
122727
170832
17972
258812
2991
50213
219782
134498
264021
16236
8202
103336
107618
145581
71214
244752
167588
117455
129179
118045
183917
242768
71995
144458
108912
259103
143646
150682
97554
49487
103810
129163
125836
254099
124632
235873
185112
128390
193897
137282
132442
103075
223468
161472
143627
123471
43442
254503
199164
179868
37049
154068
39393
191912
80243
88761
189122
209009
220472
63226
208352
91772
214255
73547
86597
118870
4641
27228
252042
196906
195352
87932
187380
17789
102999
101919
76556
62649
247306
237714
1302
247025
170454
20307
88357
30314
19195
59510
232495
107319
139767
175377
224958
212769
195511
181506
158132
222871
49568
118206
48110
192356
255146
161913
224422
103671
229457
130995
16647
82444
258272
103323
253242
250715
98885
155061
201469
68148
217250
98211
253188
189365
16768
147390
139403
165947
215618
139870
209489
247090
129253
94333
233948
146359
204220
109296
209282
93356
171170
132935
182390
148103
243789
42299
109796
72703
173073
154554
40086
152830
210514
218900
61328
91968
19350
215858
92066
249756
202135
251033
24102
70837
139775
80595
49482
205677
128500
211647
200930
225068
168843
168894
134792
189280
219191
146718
244539
131471
241847
118324
55438
166443
191977
221316
15880
247418
106978
121056
220269
87863
257848
22145
88125
102489
66789
244574
86392
36708
84271
67953
235623
185043
24494
221459
202157
201115
215114
110002
151934
42179
76540
255784
244805
95414
225225
181859
59147
452
220000
119178
70172
106921
232172
210352
129059
57418
37438
20386
48189
213072
167935
111484
108463
75295
143855
18651
198484
44112
120154
223132
212517
111551
119118
233403
170826
240160
147694
264640
112372
255035
140594
79913
96670
98116
132449
224944
64443
170801
130092
169982
237874
74441
172685
219258
185372
258462
185340
105249
165692
131221
173289
245444
262426
224740
238112
168037
156121
74565
145496
112482
113217
229637
195134
30651
226890
79981
247265
168508
259054
233242
59657
258136
221980
176705
209524
63271
237831
125362
162745
101423
219200
150678
168766
118161
211374
84712
122942
110161
226906
163919
163739
256626
164868
156934
118039
211717
176204
108078
126427
108255
198026
156892
92963
54996
261201
87852
247347
64121
114995
249019
198937
39975
3322
105992
231801
108315
196047
91673
132278
108778
33999
37536
1048
31190
157355
170120
204377
94364
175931
141764
56936
38235
169321
213596
135065
165657
154830
182923
246914
25041
190710
157661
194719
183395
94094
128320
173623
251990
34712
250665
201563
190073
221429
205585
54845
224718
138716
191918
261791
878
188120
12013
262097
139014
261157
164257
241400
241007
186354
236368
264384
22567
202150
251900
212990
85851
117891
206486
65139
250558
137908
186350
251514
246142
99838
119038
115943
104532
114941
191258
260328
127879
224875
177545
129010
194963
94213
113220
243386
120799
150880
242370
94086
227076
119414
179645
108506
251397
204459
240674
159795
264823
106064
47603
227014
151793
74538
77560
117795
248758
252986
3568
69083
249267
148403
58710
66291
8529
256374
130508
5096
253118
98587
222796
247764
196764
250387
153808
159366
168629
191682
184936
195112
259893
75255
211821
24463
144650
53773
176570
188239
184834
251235
57392
159813
235480
212094
64589
160588
231308
229033
225357
214554
55060
169007
211754
229335
122232
177340
2052
200776
59590
160417
127114
30799
240177
220788
82422
170968
131189
157191
179513
222019
231380
89784
157807
102264
193643
246860
237238
191668
80780
119729
140849
33869
145440
222884
56944
45858
238527
208312
39264
95884
210495
209748
195574
212132
105782
190498
106691
117429
244123
200837
160854
110370
239885
155496
184297
239779
181874
129416
146560
31924
15509
214846
239777
191842
56462
226183
216383
85607
163933
139622
199505
113444
229187
103593
69157
158008
249522
158115
27730
77617
208768
88225
91308
5503
71540
53448
162050
242051
232051
179394
185553
200845
126874
253628
116249
135613
159966
182845
27029
216879
75148
198708
165530
215199
159478
250763
243707
241345
196211
211601
75817
248722
87844
176097
67311
86724
105624
242967
237805
91117
100306
202917
139675
248968
106238
260543
117427
102218
28074
116606
121191
114113
238686
89442
76363
12285
242738
221481
233047
198811
154419
27970
260880
243782
220646
220334
254586
243635
166629
77717
220414
247458
254306
59145
194613
245760
109712
10142
247827
194706
130468
73386
138396
198837
191476
110644
257749
43063
151859
204089
152939
234385
145188
168205
163579
155560
85735
98506
150445
89258
17721
64539
84879
46707
71493
6259
189193
219748
69152
242309
39364
176104
134389
76007
67106
147967
238953
210058
199250
1393
164942
83310
161020
127511
185961
73936
201932
245085
102598
255878
201435
208524
31966
29560
142946
199191
182008
247675
199695
154743
142512
240841
193639
132724
12321
169925
213936
255396
58749
66158
7729
149681
254939
118154
160581
228640
155101
207096
90177
92385
159284
106991
172423
230910
190658
227158
93070
7017
118132
57209
233594
206053
18271
32097
176743
105069
54336
220711
235613
73347
243995
250243
107463
64452
34465
248505
254347
72793
40474
194213
117504
136267
84418
81469
245196
65909
210100
105541
7487
161391
198387
261299
222275
68624
204455
160676
116440
66014
11277
144967
201716
203823
128389
154857
243961
216599
82136
120401
191291
181903
135710
1071
111944
142565
255653
225292
204399
245997
105605
130497
122905
121788
105064
194305
68289
160097
242998
156358
256548
212244
134961
130908
190901
97096
42513
150046
67648
180837
139345
92368
158979
110209
247565
118524
138178
242995
252282
90035
107153
86012
190449
189626
229840
171387
112610
259112
81933
252214
64106
263109
74846
145574
152659
99331
176220
10567
146410
48593
141643
102415
210706
58179
117135
164371
144163
192500
81186
248274
121261
212284
19444
133679
46544
171918
158572
181765
160394
260821
195742
6464
79977
107628
127324
218830
223385
135076
124816
204155
257718
144333
176692
23459
167071
237848
130204
233912
5562
109504
110521
91186
139250
143715
258281
140856
262651
237126
263612
228161
128705
250552
241245
115405
95640
248901
179754
76112
256922
3522
223541
87776
11693
63286
178416
265148
104030
156304
37005
168164
226069
197164
26724
34524
92088
235218
45950
97990
263207
260013
196065
106301
230276
119411
101376
98149
30352
246529
92795
173048
162805
105885
165200
80626
143780
23444
209277
171469
248105
150109
89949
77363
32768
30244
47597
163059
171563
18842
8179
113188
68107
91024
173333
125488
206305
184052
153658
31374
12771
122693
89458
108801
143544
16807
70442
104326
18569
124338
65844
36645
1813
262951
222149
12054
99090
16938
12623
7211
101949
155032
243569
125898
249552
111055
226503
215310
138376
43046
23086
216441
15783
136072
166529
51385
30251
62607
223486
38859
19178
93077
31332
1602
208419
8123
74048
18008
8677
25261
48856
239158
26708
10195
200799
38507
281
132484
330
111891
2711
22925
8062
43058
8916
202301
60327
214653
15527
215430
146504
29435
224069
258276
16576
264935
87041
73823
53066
175824
214604
21015
10692
61696
60685
41615
2301
39339
12260
30400
201312
111357
191862
29843
2033
36100
163709
91651
66461
8187
45193
74555
118965
2123
67152
37576
20380
88766
168630
17873
42995
19787
45484
96811
20492
77089
209469
12476
238362
152008
93049
77669
127185
36936
209750
222682
68975
28185
48085
157950
8869
68921
78921
13948
152040
262780
66976
17160
2307
210482
146395
68050
29518
106136
29212
34541
80062
201114
24338
222735
15552
251928
77917
113305
7098
18069
20453
10252
5686
111209
85612
38027
98166
693
16961
59632
34881
34080
71063
48887
278
77958
36342
66579
110456
131737
10955
6832
66775
134707
15401
45
112074
145492
240668
15521
13543
219967
69509
181348
73908
43054
8422
83183
114550
2849
158076
9062
46628
80589
52391
152934
234797
66564
146028
10623
6539
31808
263614
103294
98719
78336
16628
52135
63299
18287
119302
166335
274
7535
3109
28231
201844
217425
31822
38917
32321
51131
226357
159826
39588
229449
33276
13980
12009
102533
25328
42648
3734
157969
139078
14714
20346
144926
13054
190668
211606
3576
218043
60437
6127
217459
145493
94551
14226
37387
21571
8819
32815
14882
39552
126971
184696
191489
34121
34884
8890
10798
17558
46416
135750
187611
239572
193750
132303
23758
109313
43007
15571
13477
36858
187575
173074
60983
68739
17756
96915
166688
59483
218622
111337
64122
69952
5812
15283
23872
58839
5783
76273
14106
143455
105846
203689
73924
45933
184974
36806
51934
26407
228285
251694
25224
15342
67071
129780
56722
70768
16802
232278
42032
260601
41404
122577
122685
134616
35728
37000
161275
12200
109267
110176
19146
11509
221056
78461
77011
15023
114566
127594
232538
3107
25465
16754
18913
231678
39820
82755
104917
218388
2403
59292
122639
23753
61537
149243
256812
38795
181814
22575
136207
35757
92304
66955
49871
230937
94830
11828
1799
86063
8889
249633
24521
43353
37419
12493
84329
81707
33472
118437
42211
194871
85436
67214
24710
58987
2835
14105
264088
106213
104143
19105
102573
1583
241785
178917
142367
253634
15975
250857
105945
161167
28463
110042
167167
17031
120324
9173
216653
21572
182738
649
6563
35972
175339
172300
38098
6316
194044
27044
182695
27014
20326
2542
23429
17934
58576
27159
135565
7894
202733
147419
105786
100432
195689
231855
45898
66525
17349
85014
29937
20309
234224
7788
37213
93270
171928
62176
101704
78296
48760
19799
72338
19887
264372
202303
45290
98332
207652
80948
126069
134814
14408
3252
239443
19129
52676
17004
133656
214836
156406
110128
43139
324
126162
805
138028
235692
23763
185858
203665
159762
3963
31289
133588
7785
17700
3526
78131
249187
88353
152483
188780
24703
42462
11614
225329
23994
125316
101867
159940
77090
85047
5990
112994
15275
179891
27924
38736
668
58711
227227
66196
179653
239744
33225
239601
163142
57065
23916
165619
67604
53478
14782
15273
13880
183249
165383
173879
83471
12306
172568
21306
48026
26212
161508
214882
18414
45382
105993
106679
9407
12194
23875
93751
27380
199021
13606
110879
261254
112982
97282
246215
38923
12027
36
136777
91108
159501
52422
41316
126392
203887
76425
52483
90526
161349
57190
112214
223394
250399
109602
7561
163865
34619
229689
22663
192977
14354
215659
40276
170019
218604
255635
219036
209731
207154
244348
18729
261003
30413
34897
3579
72419
15518
95422
142063
119382
127144
250106
256745
56325
162470
3265
241415
36045
25491
43594
176257
24902
38781
99375
11579
175035
120281
48082
84182
228895
100717
251333
81598
74362
128564
19354
123177
219147
84721
84327
244690
27245
10562
179354
93606
105609
235936
45122
238425
1596
234126
191799
41290
61396
96751
38473
28274
253282
38701
198254
13581
12588
166280
151696
85845
5643
116657
65957
125678
74315
11818
32057
143651
58655
43
177706
189731
151444
217766
73312
89731
188477
36038
30154
26592
38400
12178
5677
21423
13552
147530
173749
75364
96411
137170
5737
153890
16935
64495
90619
37923
115088
111079
25473
176034
239509
742
86773
48371
66150
98802
49
210856
211966
10106
35993
243453
148115
2656
12284
34858
205844
48302
92974
97959
58536
82102
192881
898
62158
204919
65052
85279
232113
235930
