159680
2382851
208698
772068
324993
2350971
319074
2288761
132680
654312
2372467
158473
1697597
332712
1444161
1532115
2361468
2364237
2173226
1965934
1764993
2388445
1508080
1322708
2131158
803589
266096
254793
133490
2340207
1005356
2259020
1416370
444083
1876454
689683
2215716
829824
1488525
478493
127401
321662
1383263
967550
976234
367123
204217
2392618
2346498
2364147
2387966
2339181
1921731
1692868
149975
1091559
149770
260012
2354660
1254857
158611
1238871
554184
237643
344040
1134066
36811
676166
2375551
136047
150217
75964
62363
455027
246567
88316
576222
150414
712196
56744
62635
89286
411388
254775
440365
56971
254717
193013
98444
91156
149242
485
57010
148385
56608
75062
29594
59013
14919
1982413
