14449
349597
76518
2392740
819163
2391629
854700
1781077
1188876
2367774
1971750
2375277
80341
17570
274537
555437
2385083
2346197
1282780
1063081
2368225
1882350
2382292
603642
2383001
726703
975229
2363406
2384033
2383324
677148
976256
956607
986464
2380665
768450
987599
366848
951436
695731
123800
30544
1208262
1375115
739039
2357189
1037267
84012
69912
148947
2357121
1574430
2179988
2216173
77531
391445
1224108
1037870
2350079
16799
2127965
1414969
1245809
2371079
556014
1009031
1851314
250852
634921
1157192
31077
1887333
314030
2265646
1518326
974664
2385227
2205295
92081
110770
215697
464527
2298977
1035774
158305
443215
107493
472015
235545
1092560
1770109
2375254
1103374
240396
1066468
2385728
257260
362343
2363443
177865
2340163
269024
862004
659562
196311
262814
52414
195850
2379173
2386334
681928
1946524
1464272
1249846
86692
572889
858924
2385675
1411015
253544
2393661
854526
92048
338655
2391729
2385296
491325
2370766
1319036
1951252
229921
240614
1064283
2368087
2376057
1835718
109524
2329980
260923
1551229
2179985
829570
2200119
101025
990624
970592
260822
1338488
121561
1093277
1588266
73218
1177000
528599
425354
1126132
2162200
2237076
2387074
2229558
496039
30553
2392539
526011
149764
451871
1667381
2287186
440190
2363211
256824
1289
1877894
253125
124445
940125
561090
627452
365133
2389330
1318391
395423
1187476
2217584
238577
2130495
255413
1995132
1180599
1541330
592957
90155
2376198
828486
1131721
459653
2182032
1256000
2203572
2358806
1284841
2260867
2362418
92085
139523
86540
1197007
200208
2365493
252729
1111075
1522005
1160089
236192
2369422
1066746
976780
106447
2337284
2372842
2009013
2243776
1664839
2380443
317280
1837528
295029
1998944
2375329
2276242
684204
1261533
2324745
2371001
2376319
2389937
1590238
851495
283991
1143996
1166195
1836215
58054
155849
658439
73095
2382880
714981
2374342
2359780
191360
380086
158406
1577358
456094
2366274
238727
2381789
2337757
226572
2367002
1949216
2246793
1143984
818529
1353610
2385542
150311
2358829
2192309
475382
1069821
2393105
235956
2370166
321094
2078799
486285
1361886
658226
361147
767931
853108
2354618
1172041
300016
1108725
634910
185059
697889
2004827
434271
2379175
823657
63093
2105530
86996
2355745
982732
772151
2303928
2392795
2358381
2387461
1404416
2391942
129810
99565
257148
149731
2322038
546591
1227162
2360492
956144
2385928
59723
236823
1680707
921
469617
2378422
385832
523511
332919
30644
1149447
2043255
2389334
421167
1115222
735123
39553
177993
272802
2366835
1418739
2149198
830428
281995
2371374
330292
253469
2316541
1318909
2337779
768235
2365040
2379283
402203
768375
157360
792030
98855
2380754
1265932
75197
1661015
237684
682726
2354399
1990043
2370353
2389327
577696
2363538
2164370
68714
1598262
523626
2378649
997847
324688
1952349
2383323
1337508
82216
401861
398668
2323959
595866
2376101
1394658
254858
602445
144717
1095444
2374769
1463950
2359774
2393960
964908
1623876
2380852
1905812
2362399
2315560
167956
442479
1042333
1504391
942929
1995124
2150915
236143
2378777
2392071
1986612
1214912
290074
153727
1449862
2394238
1034563
733714
315930
2392661
1090329
2380250
59701
254742
542710
2121419
246554
2383104
1317976
1693178
1546986
1327932
2153036
251968
2370732
1037687
2381938
266805
515507
267724
1974090
944541
2333028
841414
2229559
1972808
1426076
209650
62368
2313646
1177865
2371423
974671
1317384
177969
725447
593367
228978
19142
974343
1741560
2371000
1389214
2164896
717017
674581
313691
57199
2390390
556119
532480
967812
445366
1861029
2373964
2386856
976369
2382976
2383235
2204558
2248774
256526
77997
112570
2343037
2387904
768575
1831343
623611
2298136
856750
295004
2302596
2056725
2291774
717311
2223330
668137
1242425
305464
724576
1630676
1263333
1156972
747470
2375068
1624901
2361623
1700161
2365220
2344900
2247853
132765
2325622
1647458
1353362
1497561
2222888
1401645
2025536
962435
88163
631043
680349
2355118
2391919
2344687
1582047
1661999
1330371
132695
2351672
2388670
1332097
2354401
566709
2383397
2387287
305368
2022115
140941
947215
2281232
2387550
1005284
1441810
2366562
2343515
101769
1533804
260773
1233020
434158
514314
2381286
201575
405621
202791
267172
362333
339080
631829
780500
11258
108845
421410
1323799
1227696
150314
1653997
525508
335347
1536153
523281
496217
320884
402069
130289
48409
157186
105851
2331740
2345415
108760
1288505
225629
1038337
1904055
139278
1617779
100172
695461
1786407
2267451
68176
59551
2360728
218124
608
150726
36894
2223270
38842
271231
495640
123329
2385981
716826
743974
62747
834198
2246617
268972
2365136
1406940
150107
1429132
380793
732870
98954
667268
2329677
714044
1383862
1024889
31141
686763
2339510
434357
62746
72541
383142
830376
2333064
798560
486897
289750
326555
190512
1248534
296246
253144
2317938
2299565
1058788
447667
2371882
75835
163656
1998675
11262
92991
46295
781216
59166
205264
949976
475300
378307
695670
86321
1839113
399204
1955186
2350139
1234374
282584
568
1333111
285469
2306312
2374608
781373
378231
394672
226503
70448
223496
147227
281052
149288
337040
290394
2350670
2226710
150848
132242
1822551
418355
856734
316980
442543
476352
459507
202464
598851
377410
99076
2083998
72415
842223
1305626
484341
58293
768444
1010211
160854
242845
89206
1108984
1818177
200986
77306
2235374
1156901
784510
230261
2355028
359584
819034
168288
315805
854577
523639
1782765
438779
2357605
151377
158555
1235410
417873
149922
260831
107510
1789789
2379739
290177
276017
602576
1536118
646860
75234
51261
98402
2006624
309928
1157167
59611
1237905
668929
76876
2250316
1113919
238865
144572
696400
803554
695775
595657
1830451
464068
2312641
108717
88052
30742
689710
1141491
2349536
2031628
290966
171223
1324518
1056495
367440
997366
1233068
711121
523725
307910
553079
858945
153040
368103
46420
338349
64267
716414
58766
147158
14949
155288
29598
222154
11113
29024
210262
249969
744743
88592
67635
2392749
72737
410
30892
46244
12647
2257698
881
4242
86872
193002
395
46113
118059
129754
316988
252254
601515
447616
38809
58855
120243
1038842
316938
138184
254338
223526
335103
112579
120390
204938
2381501
75967
30247
698
468562
46203
66939
92915
208459
148383
148155
159488
58748
1176410
147972
38881
561045
11199
2365651
1008212
46133
141
1838089
161585
125731
978
86463
203970
98483
75948
681823
146990
405165
241928
1128
376404
367
856721
4129
523700
125439
118002
484908
349643
280333
108443
1170
30943
137058
228358
1134351
149414
101792
77403
62568
4198
167910
106107
140789
155236
200199
174882
132009
147825
411975
174524
303655
16623
151
120318
72435
64541
69367
552047
140954
86510
147305
137121
86896
3904
64377
282907
280352
780941
75794
93042
858688
196656
98342
37708
13820
812834
30124
140963
147987
64814
1347
7099
144550
2347587
267830
1492835
29604
127422
17188
2380535
693914
87675
37298
159451
37612
108298
30355
147932
299998
2388208
147199
344760
260756
37598
251260
38853
30232
172369
1969765
100024
442532
147883
4389
46193
147542
58820
146951
3859
62573
961798
263969
46155
173186
1120544
734548
191658
159
58885
501076
100202
254779
148552
29555
419
1508438
1774826
62625
46207
130233
123839
46317
37396
155499
125516
1041106
208649
59498
163095
205245
50972
494908
1096982
72709
28973
362832
373280
