2359573
2361447
204063
2369323
746504
504233
2371887
1488929
689186
148055
2143925
1838480
1172048
314170
990647
2390609
151725
31903
445665
45206
2293791
1134342
1628011
64804
828517
2393510
2293204
150166
2374498
1557965
344800
793273
2348249
2351133
2181640
411687
2347129
2355004
2367659
376018
440192
2390262
418416
268254
2373823
1363283
2122270
437296
1617599
132838
321321
2368917
162741
2381346
976372
2334218
2379244
706998
592789
405586
491348
479957
2274005
2172133
2105454
347290
582254
2375071
2343495
1451865
2327311
168785
1734663
558180
602475
1476716
2388115
2375049
2365417
177914
498355
1186279
280659
162966
501006
1650389
1999655
2361177
30609
1332103
863106
2355445
2220191
2340218
323823
345466
747337
1837031
268953
381813
1747674
118233
2368601
87924
244695
679673
832643
2328516
2375964
376023
2130160
2275913
1148480
158500
308739
1322476
1196321
1963393
2383213
155615
2355013
2389345
647985
2373494
541967
2365697
158539
160371
2272316
1356145
2354352
2137693
1264747
631934
2341980
2393769
1188163
221629
128443
2371219
2264620
578007
241765
365122
1100694
2371643
2394109
2387443
1960514
2018302
1056496
105477
2233197
704959
148458
689580
253212
1595614
319055
2385126
1127575
1829413
29629
1749765
1736259
2324931
2330394
2275915
1288322
536428
2350417
1375104
523733
2354112
260944
1674827
187048
2286593
706972
1310951
682473
244059
2382543
64382
789818
2386898
687957
1729401
601597
2346457
2394128
2061895
702773
1202604
260038
322573
2392729
2331550
170317
1437627
31586
751377
2387573
1883767
1156979
993418
2320771
968668
2351189
1028384
2390605
370159
2385889
713694
1008983
850359
1921167
434164
2306351
2371460
542696
184032
2371188
382537
1553892
2241532
2380934
1918209
2260925
1071775
2088267
1261520
2310550
667598
2391164
190627
161947
464542
1320887
2370997
1665399
2286443
338010
1242122
789820
2356532
2383811
2389516
280120
2356558
2388075
1914843
2317789
238853
1424150
1102683
2357244
811842
2376815
550088
2149780
938789
101757
511394
189855
2347684
411681
850945
252757
1740442
420332
32261
627725
555896
66841
1489874
260966
2373714
1392256
2384357
2271692
2372325
854175
375452
431421
163335
1669424
726669
146904
1468352
2325366
2389594
252278
335398
2382661
359306
433492
2330444
1688218
275089
520686
1275075
1840778
2360610
2379212
423090
2004389
383644
2363493
447527
491187
1792510
672317
380890
2385314
210303
435348
2301177
121090
2035949
2343262
229385
2380182
2372087
2378732
2394049
1394165
1284846
110001
1199530
2371437
349667
2335391
1677931
1624159
1884674
2390471
110088
1147955
1047287
193304
2169825
2386320
128277
1314832
1426150
383610
1383489
2326614
134046
773580
1752493
101350
236414
2390426
157044
2389296
1889766
1610869
64959
379513
151530
2360011
1807212
2333068
564702
654341
1047274
1524113
2323841
2351515
2357387
2381665
519928
424245
1306536
1643476
177865
297536
568203
979502
716521
1865791
2388212
380897
2353214
1208406
1722629
1684926
2258651
1215246
2366486
373411
45982
695469
2343516
2392384
98949
1180
186184
1469581
1089381
367411
836928
823472
2394081
1997005
335206
2291871
2378779
596787
2375192
1042261
136803
1512560
2344698
2382254
2380921
2392596
2366825
705336
2200889
154467
1684530
2320527
271152
2241604
1362356
560898
358181
2357835
2348480
279355
450472
2389020
2311778
2367685
1266988
1126119
752611
1949452
454087
149811
1321418
2366600
2391273
787910
324656
322141
1610872
1070857
69424
2310637
361180
1279777
601820
315930
236255
383062
158566
393494
1080174
2262864
1215242
383135
659904
436043
1102325
387466
2369418
31133
2356386
1981036
1991366
17664
1037287
2384791
1082515
158498
1605129
440181
1322396
556678
1612458
682956
308732
1471806
33069
2231143
1150162
2375121
685737
2389985
2027727
208999
753667
2273229
1662183
1408272
258203
365136
505540
264872
1557590
524063
2100036
2336704
2385219
1211947
2373972
1804423
2370177
1998789
2380951
2367496
30623
2381634
2321787
2387298
1375084
1047302
2365516
2386161
2253698
417152
2378964
136100
132775
1536476
274528
2299645
148646
2362534
575905
2219472
2126149
475317
1072673
435188
1813844
183966
260910
1389730
1848696
289609
629288
2106638
60193
239578
238894
841928
2374293
2357109
2389947
1407246
1766509
172444
2391115
731813
803666
636975
2146251
754162
2377328
1594709
658511
146669
236156
569443
132127
2348151
860160
2327737
1556774
1914842
297779
735432
1394865
2386767
144690
1334479
1752527
2367563
2373341
365091
2392247
2215641
602089
43714
2367160
949785
693917
2365704
1138619
1287015
151572
2273260
976419
1829153
1288359
2137779
149870
347296
140846
1778183
2181303
1002602
1156921
2386685
1243069
11017
2384917
2185796
2373744
1395274
2383069
509621
153039
668653
490036
859762
252962
2343025
2364622
2099080
87175
242001
2381943
1781083
1249827
956607
707141
171025
2015841
1983976
254739
1124752
64292
2384657
361154
1324058
1702345
2206681
19310
1157887
780839
1036089
158425
1913673
1188946
68621
100957
2388389
2334652
2378261
2354214
281163
1051136
1819014
1833707
202268
477456
2036823
289482
150757
1619096
30481
2257394
2366558
2394075
20739
2051096
976347
997373
133194
2365052
282938
2372617
542703
698748
2085155
1986367
1629654
566882
2375029
1239885
273319
765583
1093285
201574
1010466
274243
2362794
2340446
2146692
839366
282686
2312636
2386902
1209985
2367147
2327192
67885
1641768
127916
1234402
447541
976413
552489
859744
2331826
118272
177980
1394732
2370113
1735514
2256461
2388649
1888108
2372309
2198364
2368742
2335286
17269
2373750
1257772
2338457
697481
592787
1875642
839464
2361330
120868
2393478
519693
1830621
2155949
472092
1319494
574572
849162
2093692
2376239
1263354
2273055
30712
2366291
77461
2361154
2345028
735392
1601651
2383042
1416892
1443127
631878
208796
728810
2366518
2389810
1765005
1394657
948870
2147133
127455
941880
2392131
1890404
381583
1697077
1227664
679469
1622942
2023172
1991848
296291
93773
209845
291169
2241062
2371005
256852
1568807
335115
183942
553542
2369065
173439
161778
2349992
2357847
2377337
300297
65296
373342
803621
494992
149105
2338845
2371365
2213769
1202482
1348380
1998432
1205284
2345741
316192
2204112
2366961
424737
2375786
11259
819726
149665
1144016
2369421
2366181
1783913
158512
1274332
1163774
2361392
370979
110127
2359934
457677
2351144
593252
290025
193033
439073
1139286
86784
18148
789935
1553736
1462948
2145970
1942052
2367163
2384214
221183
1576041
314474
302742
99804
1493430
505553
822223
2337379
91415
2371797
339505
1520131
348300
476850
93000
1570752
754340
266903
2165515
1040043
1031360
1207394
79995
2371649
206403
1757278
743327
1327928
2389036
2384855
1819045
2335545
2340133
2357238
2357241
2138176
1426153
1510784
2366139
1953224
531664
2379877
448897
1298164
268715
1090325
1812935
2378479
2374484
1998787
694428
2335731
2293904
454040
217809
2384525
2159856
1345497
595761
2382171
2371667
30495
253401
310527
2005474
464520
2012503
2384101
1188634
2372948
823633
106591
109121
1418482
801325
2356692
2346591
2254832
2326769
291137
2388586
1498216
2287757
1800882
410465
551432
2391338
794404
31223
976329
1070247
667236
1091589
120833
2376769
202935
2343250
475280
710053
484824
603572
77370
1279724
591158
86689
2148452
603091
687940
990705
602715
1210493
224944
71261
747343
1993962
75045
2383376
2384163
1739142
326133
2376649
2372843
485379
2384713
1164799
2334850
126184
2353937
227399
428913
2061218
521438
267716
2163001
762673
1833984
988273
2392643
1208009
735570
2342056
62648
694271
282897
537507
1199165
1254098
2348814
259472
109853
2284309
2386069
423266
1998774
191740
658493
211728
724975
1977907
2379640
2004825
626646
2383301
734012
2358761
1627993
1071067
462677
157347
2381074
1003686
2358381
2338905
2366894
2345213
2382384
2390517
2392862
1010236
1239701
253210
1980752
2388483
2375183
1097003
464851
325071
706346
592957
154158
1276089
1161654
90677
990654
2326141
1986613
2372805
1130422
65315
735488
410469
2362670
2040608
766390
997212
2391015
2098685
2385677
1738663
1249842
810695
132634
2389643
2335138
2330048
2370787
806085
1211546
122451
2387329
1533795
1272142
12633
572735
1260723
2358091
174440
1160563
859739
796598
2385475
769468
73992
1174817
188894
1407203
762770
463070
2359678
1024876
2391913
485129
144546
39049
2127529
89971
2384105
224970
1210496
2364470
1542951
267727
2311360
2368757
158777
2366233
765911
1348514
2391901
256916
732584
2268680
1434737
1882350
201613
71975
460361
944572
833199
149638
2116070
2375357
2353939
732657
2390665
1300300
2387915
1955820
370181
1936416
2386704
2368683
2328560
214875
2385989
1558774
2366230
1797969
1287092
2369266
2318936
1353359
300053
2370348
1624199
2079666
337943
458788
2363999
39121
2382400
497536
2375654
236283
2286477
731180
2114256
542356
335624
388865
140953
1005344
744600
448371
1986599
1179282
2387655
2269229
1101346
1780067
2363562
1490818
491334
575151
879
154988
555943
335367
497356
946024
603254
976349
2390192
2391185
1615471
1002657
448335
2361340
204030
155707
118148
2322962
2348753
2341526
2146697
2390107
2363191
439578
1638123
726716
1720814
2387729
444795
942373
1394667
2376504
399840
52556
2371979
686296
473092
446235
31305
2369882
1840600
2163466
236269
1390958
2279520
2362725
2243801
2357018
602827
157180
2389831
2056072
2260892
1854231
753566
1309263
2385973
2343831
2359821
945230
2274606
2364821
1843869
990736
2215723
490660
394088
118277
2295697
2375052
2136026
994005
1624196
523638
2267208
541004
69403
1238456
1606884
1557881
1494513
2325541
1328515
2375263
842446
2371462
2363363
91113
1073604
557576
1461971
2291775
1437104
2375283
163858
1517897
1608376
25241
81839
2384846
1335968
2380333
562415
2380537
1856772
365132
2389544
276142
2376304
2347683
948750
237134
2089310
2343862
501017
1296912
990313
2042783
59672
2258125
1602547
1581514
564914
225007
240666
195748
2368882
2334020
2285637
270750
1641755
2341537
2375113
2211059
743339
745270
744912
1523387
1800130
169483
2391186
274077
1092802
1555371
2352549
1969812
2392038
2138676
783362
848462
1149205
1345192
261981
195913
2064053
1960520
2385092
2354608
1942066
158402
2258137
19163
75224
137047
411855
232454
359589
565317
2355054
2294051
577465
1177952
2373689
307138
1189627
2362855
2383521
720765
207534
159403
160224
2291666
266845
149460
339892
554768
848867
602564
402393
987592
987530
266969
1395242
364804
150910
2389195
2368137
1902621
1989087
1533853
66381
602334
447108
2392687
1539572
1751200
541430
2385653
91264
858542
1666936
1866027
372178
1417859
2375639
2386309
1063158
296891
2374698
2357343
1831075
2388092
521626
323996
1070658
2391930
30510
629443
1669435
2194863
72175
1002603
2149786
2223146
2325820
2383420
2271624
165145
762922
158408
139479
1004715
677602
222728
1245806
1113527
2583
241481
1345513
316756
2371154
2356981
1112
2342831
1572334
2391498
543776
76512
372593
2372677
1604484
2370945
2026137
1051068
511362
2386134
2373698
163348
73377
260963
1738988
410477
62360
1158802
2389162
626732
1528546
2316335
1520491
731721
2319787
1090595
1315062
1957497
1941285
957348
1973263
211419
69041
2364280
2086732
1166721
2364659
30475
2339218
2393888
231664
327067
736504
37260
2223321
435309
682082
2365469
2334792
224431
70524
1522368
2371965
445215
2169940
2303996
475354
2340249
1321774
1582067
445386
2388766
59643
150399
257105
93465
337469
74429
76917
2356583
592932
647796
411403
150836
753638
1229452
2384476
2370099
2337320
1306683
1890936
2285853
2116455
393491
2388435
2370067
2198860
285970
2356952
283446
1211127
2389387
1249893
472171
1005296
2376035
2364526
122754
176574
732902
368066
690972
967860
2347392
660173
1287748
2382621
1764954
207147
2380869
2393089
814319
158813
62854
1008234
2168991
2081770
1066443
241157
54088
2354131
261461
442978
2323275
2260591
439909
1963081
2384238
362804
281368
239045
2382177
573615
31423
2274000
2301043
2361214
712111
802619
731550
30655
146939
2388123
2359936
1026
1709606
313677
487073
2390981
735732
2387585
1138610
386523
2384927
344906
2385265
2360028
956571
675113
2281232
2309464
435120
2335699
2337840
304085
555957
338452
753662
1054007
1978105
1096673
2376909
1157128
230817
1978665
549327
301414
2391219
1237176
491297
1047308
100061
2352765
989818
712112
2217585
2382636
1236001
99028
1138675
2318711
1044369
2385024
1236450
2387280
2127664
1164447
731590
1468733
338625
2168990
266233
706489
1189397
1420307
1933428
2373845
602637
275846
1320086
1684007
176649
1557391
1449844
1683122
2383281
46503
731819
1661265
1130061
317014
2384726
123777
1466967
2079080
2360235
108851
268597
2077221
2047
2367658
251037
2366305
1459852
1503776
54072
431116
660984
1408106
2383036
1375080
393102
2376531
369349
1665866
859763
2386116
1956391
2382414
314530
2313308
291997
1255185
1644745
2337509
596782
2263711
2309468
2125478
1288813
602691
682736
2349288
1426104
1146974
1603206
2362743
1789800
1296843
2389019
57270
577710
62375
67025
733788
741982
704760
395412
1142141
2308836
150644
1716013
2264211
398468
77994
667153
1189384
1342611
2291458
1583358
2393664
2386651
418076
448309
2359952
2376406
1538342
1751626
1189476
556052
2367683
110037
457686
1055152
2383016
661726
2383365
2355139
363169
2273035
147177
1758645
1878439
2366166
239038
65001
1434728
2375809
340062
2383151
1314186
954575
2376519
2354534
92085
361174
849584
1158979
2028027
2363896
1471815
2385521
1233456
126221
485069
1375060
2291800
2360008
2375910
707553
2142875
209408
457916
254088
423299
2358086
250742
1412765
229416
1564117
1738538
442044
372035
601505
279651
57214
1893207
219775
2165159
2346402
634004
1175333
933532
289440
1789126
1724822
335242
2391421
2358601
149713
10937
1888
108583
1831163
128889
200936
969465
2389383
2394014
976394
621186
2055161
712509
573523
2345252
834032
2371295
161291
65042
361128
129231
1953940
121328
1314875
1652931
2347117
411811
1047283
2379055
1885309
2067174
572393
457956
1489954
1715806
2386562
1426062
1560491
834321
2354180
780623
626674
1073554
30697
1353356
2365496
1108553
2370413
1550147
689746
2310900
69292
1167291
505551
2153362
399780
2376174
2157913
2040681
2271673
2236052
2261620
31094
1335136
106400
2024781
2370419
361165
1659176
2265782
819
624
380120
77155
1375061
2181638
200378
1830572
274770
768835
1451709
1338490
1189403
600180
205204
1202221
464538
1470956
1090598
716528
2359939
442220
1080637
160570
2317402
829470
329665
1579066
939616
2384427
1984217
2137853
148094
1532113
2344699
322672
1711732
450730
962021
762828
2388421
2381742
1472161
734800
1936932
601711
1357327
1149208
1538162
2369168
268486
2319262
1510777
2307923
369640
1721126
1317501
1545775
2302916
1130245
726699
2390560
784443
411741
2372000
1113878
1864224
1092531
2387593
1375112
778188
2394010
2389379
1667935
2164365
2368966
155804
1857221
1389932
497093
105986
603609
324995
2380187
1493938
1076757
2391935
1533317
2381529
541678
577809
1093274
2313311
1505387
1537386
1619116
159563
2320014
2368663
136174
780473
2356633
1209711
2387075
1936093
1443568
283182
2148354
2319396
378106
448297
70975
1414360
534240
1653381
2179984
1211946
2368131
752384
729028
2091423
2389607
2142312
243007
1309262
2370702
2289927
1690621
2349387
73400
405801
1689460
1282914
1841405
108063
2375509
1830799
2393545
2367028
1793208
629178
1662027
1190059
2071243
2370349
1646194
2216173
2387906
549219
67198
1309218
2358994
967820
2215197
216858
941052
780889
2380570
447685
565080
2389667
2336719
407857
1646197
1531016
2391747
159432
2327813
472179
128888
769208
217390
1135966
2380282
2371179
953288
2239907
1309242
10622
2148049
2316886
2392438
553096
498270
218716
1309095
1274962
237079
74110
79154
2384740
972485
1883213
2370967
2358087
1852320
1275101
552842
486380
819825
2394243
2364188
162760
1625441
703888
2387617
443808
2268885
223332
854575
81403
2356575
1452365
736762
2333419
150063
236944
2387519
1678020
71621
2354641
30615
1000523
2388779
200102
631037
2310057
275116
490351
686704
2342861
456648
2306242
2144882
577456
64667
464915
2388777
2387032
235799
2359684
1557867
343100
1362817
434487
387585
2384640
1341350
106345
2381142
1027443
1319507
2359709
1551698
325766
49702
1000397
2366326
1834009
75958
1469395
2349378
2358799
2349492
1965927
90808
2352771
1604422
1212526
562447
947988
436885
265468
1438381
631872
658911
1489368
1568781
1100498
1563382
2369952
1225329
491327
1898167
2363399
59725
2391278
608190
1171974
1394754
593719
472177
2150769
1680723
963237
2241682
444180
445399
1033696
1596255
2386281
138246
2243802
2393565
1623067
601674
1312629
2146691
321760
1382334
1351871
811693
1434896
1255186
1788928
1691815
2389532
681844
149975
2375888
1617510
15152
2352202
1443562
601788
542508
1090588
420412
2368205
2340224
2386203
961665
1946524
1013304
654639
367404
1645717
1298080
2344137
1238255
462578
155889
863113
440073
132794
185808
1388555
1724951
484390
1321076
120593
1775751
45888
1736008
2385233
2118015
99734
1007530
2388585
280179
488133
1271751
601467
2388957
663591
2383579
2387636
950873
31900
411842
1347583
1346058
2353313
2363697
495147
2314146
496602
253762
2391040
763816
1308470
2380584
60810
1202485
862298
1232951
2385890
1163786
858529
281376
731092
456113
1199299
134353
1130070
1404048
2383337
636874
231596
29025
2380914
236101
2218436
280721
1002436
1344644
1638291
1902688
2151768
1857437
535422
2119237
266160
1105224
140437
1093291
2378425
296306
636887
1524129
2299990
2303650
2204869
1965933
1138678
2096825
1090420
2222731
677147
2324042
1121360
2389331
2374066
2357023
2366345
1194774
2343626
1113867
1302255
2247702
2262539
1527421
282159
2356309
241627
195908
1110814
763023
1188267
2392242
1898179
2228926
1227857
2389187
2369993
2092411
1336479
486942
943755
485815
1441238
538218
448364
2037226
2378440
243606
676540
2377275
828432
539949
57154
2338609
2381022
308507
2386552
401588
1852620
2331825
2379830
2359704
2389332
400093
2368193
411714
261801
958953
820793
291004
120545
278630
1401391
2372200
2378364
133329
471556
64293
376804
2382222
372345
1664305
322481
2386076
90154
581808
1766673
646446
1807307
66569
389543
2366865
943083
1579652
1274387
1524137
2325681
717075
1759077
1445163
575380
1921965
2377211
1911961
336839
240794
434381
277290
2389097
1197030
555968
168780
972300
2347114
2381158
300727
1104528
1143997
2342141
2009793
410519
1235996
1249975
217803
1694263
1187006
729101
2381775
2345334
2324829
2198490
2328271
1398865
141146
2259373
2334251
336878
2349900
1684026
1382337
2366709
215505
447669
2009794
1563293
2369875
2394029
2378272
126029
2147509
2154378
603596
755800
2193064
1672568
361130
1205717
1838539
1513715
1834496
1461958
2036832
2239065
2388871
2351605
1121351
2294398
1105252
58073
109454
250765
2362617
987598
2353177
2374999
2372140
2164491
2272344
2086079
1613949
1265982
196179
2323080
1354543
1577271
367402
110232
455035
2377183
1062758
707365
262245
1336167
716463
2090031
1854810
2359956
2382086
260932
2344235
2015482
2383928
2272398
2382021
200264
1506329
832545
1272697
1375079
1254097
1721157
2390016
2363134
2388840
1174764
118103
315951
253657
2345013
2326217
557684
1639824
1982431
1238092
122551
2366749
2196723
2389771
2098892
2194563
2385398
299529
231721
274059
1353681
804521
1984638
2368881
2324276
480970
2357251
2380082
1736009
1543475
66205
106352
2318814
2388879
2215729
1910268
122256
2319451
384963
747576
1054153
420058
2225653
1618952
2315521
66859
472595
2367654
189317
2387018
2157200
2362629
2346323
2369373
2208590
1030857
2336815
74940
2254830
525504
735380
321373
2370270
839195
1582837
1522640
255802
149189
1552723
2364290
486962
1044036
737749
211020
1180593
2039286
431161
2348099
433025
59683
2353200
265467
330563
1176738
1666264
2351058
2391914
242085
184066
2353282
636977
1063784
251270
2023227
2045358
1581531
1238860
985282
1782766
1695652
2387427
772069
1041500
863123
1180572
2368972
177353
2394160
59567
2382804
447673
264407
2357777
2344131
680357
164871
2129874
2378620
203656
2338830
1126924
64974
1383941
1047264
160488
205251
326269
486856
1947631
1597303
1869172
726548
1006482
442184
2253691
2354313
1229614
1070659
536419
2048777
1483623
1744951
1846150
184009
954152
523449
1130054
268902
2348966
2372368
2312177
475067
169271
1163675
1503729
1736118
2341515
1856609
1362893
2359972
2353884
2209704
227419
2385304
80156
481581
1249403
2275469
1284826
2317102
2370098
2365099
1679454
1403856
129846
2378792
978249
1958081
2264187
1043053
2371083
430688
13448
2365535
1417667
24345
1309141
2233897
410613
706197
476329
1198843
1995933
132754
1622951
2366237
1180816
2386233
110419
2391047
858614
2367080
957358
2375406
754140
1323277
515858
43559
1256726
90777
299707
2355740
65581
383628
1353616
2371867
251093
1287780
190934
120663
382553
347563
409695
601751
787264
1065885
2188842
2334793
1753421
69340
1180579
1654893
266072
73375
296997
1666261
2357969
1680457
1620104
442023
1956119
2233237
2268157
324804
149267
1027436
215138
1330482
1408995
229651
1115155
707328
411649
1445950
92874
1743789
99179
1692862
2376373
1743792
784550
67370
2378330
67375
2384975
572739
2374112
98808
2379954
322701
682624
149473
801
1433276
399785
950530
1711269
126044
2189113
344851
1388419
2257437
1157440
2364688
1207383
789398
132554
2302344
1715983
2382092
64631
770
378168
151170
1214913
2372802
307221
57825
1100418
822240
45219
17389
1180550
1007494
126101
136073
149897
375004
31766
64774
2244619
2358020
646440
2375771
1468341
51193
717078
2387629
210442
1677932
66215
241650
132413
453096
232921
376004
420059
123921
2325349
1064585
1441733
120582
124055
2339251
750096
1688238
266148
250736
1157008
572104
149048
438984
2362860
93873
551088
59190
1155990
19884
223321
125946
156819
676161
72257
2381891
1275039
970576
1818676
64638
82516
1800128
120455
694390
2277874
1298147
1066002
2366516
1955149
1674585
159461
1354650
177352
322715
1024891
841293
1982430
1408470
1652929
172409
626628
408703
150445
658471
359424
677601
1228368
336531
658224
1042903
161292
193548
1201610
858945
1986125
88014
235479
802944
1757692
542
1340456
148932
109132
275034
155381
125964
309933
73222
1835683
1406940
283488
1582928
1233068
10994
702
1740406
1974457
1409372
457597
706183
993587
852757
992217
71298
86504
959022
186581
666648
72254
627451
449303
577420
956116
442115
2228426
848862
168893
798560
123798
119911
478460
2365478
322515
1180541
1058780
39167
1263335
117744
2342358
463073
260837
67353
158404
108166
839488
556377
1394516
1500589
266139
2304400
2329163
191838
520761
59516
149220
429832
2379641
221415
708005
310629
69946
280711
295881
2188538
319063
304088
148010
1271016
946990
321721
246796
1656934
727367
1225263
155501
1407022
698741
186431
31050
567616
55829
496564
2308811
541008
1309106
75121
254244
602887
200838
2116394
89626
1589605
337724
160500
289502
1040568
731812
741909
2394130
2372394
2231906
150768
15020
183957
150258
2381712
315904
976231
676505
125975
2383488
1527893
2301909
140952
2330482
302512
208626
2359012
104645
159644
2345058
1119628
149087
364965
185842
132373
51390
46200
17267
514634
523850
67549
58024
2246615
282918
846759
296158
2381788
260071
709441
275043
304010
167926
1671013
2100206
250038
986897
149720
106638
125624
668889
781370
427885
723355
441650
1047312
1797093
1236569
91261
1401644
1426056
1036070
276019
791890
1991172
2366595
555881
1742913
2344133
2208329
201639
221061
2181902
301913
2369860
802815
744815
786863
370868
1577844
1313621
109254
669424
2347088
572684
601919
105326
185810
497346
463009
1693317
1461992
155408
2393092
1345449
1725052
118289
241508
155532
2041273
407843
258430
848545
2227960
273251
207144
336502
59172
849775
1113229
273987
155542
1028354
1350179
2277510
117330
126367
371086
1254090
57097
676201
1204389
56814
689940
682541
221998
619211
127474
173492
723476
1232948
2358553
314191
1173888
243480
30977
2337863
210496
2339167
1396287
395479
150084
1196252
484770
1682011
1464141
2365765
1422322
1052367
601576
717072
176573
1404420
125815
128487
1353627
2309939
98754
1204284
2247550
173433
148991
786598
2337400
2373048
1305187
344929
1877143
1666263
550708
1134064
316026
2361734
447590
800222
58329
335141
453602
223502
394606
417863
150414
2271439
343167
224343
2247015
2316749
107511
322650
695450
1130014
107740
1409069
337737
1537789
434249
132453
1382318
296281
1300873
260905
201508
607889
1538337
1605005
106203
571022
337868
335162
161330
2360254
129804
695723
949981
523439
1674596
314456
120615
405175
547249
1174
322443
39051
410515
1279323
1449900
1818677
2189101
1067394
57138
1807293
471007
19820
17287
12563
852666
158273
533221
2146694
157778
2027300
169284
208604
249971
150581
595639
1255188
2223316
967814
168315
126098
1200164
63017
169215
399406
448397
1330750
676193
1172067
119797
370581
195650
487006
141785
2288374
1524428
475548
193671
496319
373343
1533822
1203864
168918
469448
1267656
2372415
1524110
1462968
1542991
87275
2165324
838749
574061
523461
1408107
1188235
98472
1188135
66536
849829
1618842
322920
155420
667202
2379086
157123
411677
322806
158255
768645
1336473
2370944
112596
2375511
2394192
1173992
1131418
280382
2393872
399665
2373374
110273
163425
2359724
406113
1533804
144605
77064
163445
11203
264469
2386319
410325
70976
382513
1262839
281853
235501
61455
300066
1523394
624864
190850
1962741
155864
42570
1642148
2375308
1227151
967547
475389
1956149
471109
2200913
647096
16720
2368610
741917
976250
89382
148658
310695
1642504
1309117
4007
2325313
837968
2379804
149955
476708
735523
577528
289454
177995
2373553
314473
2344139
457617
168494
990629
1839768
738955
260912
1132858
444862
122807
68373
174584
121486
1752264
2343096
100017
296231
132325
1310946
201939
572657
224341
123980
631009
204071
709062
602267
58019
1449890
735539
125766
16716
729155
680550
1563863
762744
30783
791055
40432
1788883
2380325
561044
694364
744597
528196
1130523
498696
229029
1242108
190489
2381442
2352072
101769
73583
200926
693772
489985
335122
1058041
455971
1832035
519825
87276
996847
1492876
58387
1887805
626717
794671
152250
633984
130162
2382371
2325314
1657315
1441160
290426
1674587
572080
2204089
2335712
218087
336561
1227831
379551
283086
1655918
1534639
1171275
601835
398781
732820
2374771
148111
337766
1027291
155231
295026
557313
523567
264372
447720
72408
72769
2350018
2368222
2324372
485482
601680
1915926
2375292
89992
17610
1299008
242206
68745
2354176
379281
57014
834556
379779
1416688
321327
159392
573351
2343510
209031
433810
236087
171123
149090
2263294
762262
565322
189276
1028323
118183
215587
59532
2369889
2095554
848858
2383623
1348384
1261613
577994
2365177
1946451
746460
1358909
735354
88717
961813
1686022
415364
2387213
704921
1127881
378235
73927
2368822
596785
1136022
336899
2098686
203258
171127
289232
1188212
30664
2228274
11194
155628
2006624
1063085
210297
136047
2200890
359587
677862
964951
2348989
1014343
565076
478400
1178549
1105217
86488
1672272
2272428
89984
961787
72544
1274977
940141
2354341
2279894
322869
823655
532327
552182
243566
233252
1238040
2345038
362870
2389984
283029
202400
449305
475153
696191
2378781
1157179
98527
51478
646450
1000363
326555
282831
1375010
1406851
2263267
2378633
410335
841410
993588
110546
2383183
57226
2162612
2188827
708104
71133
1725109
151474
1188132
471737
264412
1093268
329479
383706
2386067
420061
402184
233075
1092798
434174
244732
2342319
280994
37236
408059
1799488
346312
631896
2016184
108932
198797
300013
218718
2368892
694354
299606
210580
486476
120874
31367
338988
411703
411823
440570
223717
2359045
80505
427931
17459
459647
2025165
77147
2337523
486326
274525
51181
88570
2370163
124022
975270
2380293
172072
58856
2135298
2391309
343579
494927
2268143
2214231
1055110
387462
1375124
692298
28887
89422
1287016
51146
1540353
87056
550701
343168
236941
190578
677817
685742
252672
2264856
1627209
87955
2366868
447164
245991
459710
359277
1572420
1666249
1144011
132145
31679
680706
472259
2355671
2130642
2319296
225106
505541
1406915
107699
2325531
2088655
519384
65135
217754
309928
2210633
376460
842296
1613264
124078
125716
1507940
51068
1150730
1156939
716900
304030
200259
230955
942481
2318350
1492838
1180582
858629
2292596
442211
29662
155848
2358447
1039913
1624575
1947627
161867
1249872
1394187
347266
593811
740962
565312
2196819
2342716
1282555
2277513
421283
336769
697670
361213
2376483
2374497
261091
46803
379772
712180
175312
1443097
787909
1830450
100867
1214921
796103
51667
347885
695863
1833525
320978
62485
273665
747352
72877
65134
268151
1201981
175371
148754
30540
152626
602195
72383
1848773
2143172
408006
1148477
59425
2382965
1375054
2369887
195819
2262858
2308463
1468579
457653
858546
1936433
568469
132392
1542780
127393
304052
204403
1442
630185
148763
66344
241510
1739107
2330556
170651
343274
1039366
1038628
1204286
2282126
64659
424221
457578
1567432
715862
299412
1998504
148627
1333097
1698572
1995429
296568
81801
1893138
2350044
1335093
694319
1351461
88052
127375
712155
1158218
400258
245243
823642
377402
208733
200110
822190
315982
251022
255183
2323269
989920
565286
273344
222739
129279
2382606
28847
1859303
151052
626577
628288
185786
1014303
127454
236899
80517
160117
215598
577563
555840
1279315
1399198
810566
158557
465018
266158
2346479
360784
417579
1383934
2325426
232111
2388170
59164
2363130
706436
1108079
1474832
100358
1628709
953971
147422
217339
107994
172066
2241009
403304
120386
141574
1392433
138224
30797
37038
379156
89412
149499
30232
133261
524739
338863
144452
58990
159329
147669
87023
86861
70667
123858
188503
322669
136895
200796
87866
359226
170357
148100
2139052
148316
642
2381193
88434
140432
516127
4183
552952
146906
314416
128356
132284
4173
17171
2276327
161537
411732
489927
365085
696196
72453
299574
858548
17051
127378
204512
16877
159462
155254
322580
88551
1707290
148701
4348
120433
148792
58260
123896
201526
190309
57998
185644
129842
106169
161274
2334589
944538
146965
373249
676174
146770
16627
14935
168114
122510
14894
1660504
204405
55760
108907
91043
2291043
623230
155200
88314
172347
117855
50835
1241197
371061
11143
572661
12839
45863
140805
29593
371053
92979
1406910
768363
30951
58894
1097034
195676
301900
66763
86385
105939
789996
706188
230053
2272050
146950
62812
174574
58014
171050
366
2308728
58824
250506
87990
117953
146608
148776
146806
37631
861194
146899
59069
1176411
167908
127437
2071126
58957
159490
58300
56612
28883
37504
120374
316133
108024
37520
120377
476
246072
463076
88495
207127
472057
411658
103
322547
159438
139239
183947
1040389
128342
254840
16996
193542
91117
37725
561030
98647
574507
1657305
188875
86198
1991109
98490
91032
147055
171116
129738
147108
215145
57789
123411
70982
56817
626573
146611
125673
67175
323598
290971
77094
160716
478426
157083
160593
37650
692260
592762
16878
77111
122693
62601
316938
798
98335
109091
88517
16733
1518316
201566
131648
147558
741865
925
201591
38725
158625
148165
491324
89397
98289
371114
345324
2373276
504
108242
59453
254174
158145
2250996
338872
208630
1536122
107462
119687
360814
118021
128431
302441
93849
120659
373408
1669406
188556
273655
1227655
92923
132496
12590
303647
147931
87026
72384
373717
157068
712113
1623089
62560
4331
1249759
1615628
170285
572678
406568
601491
59042
294985
872
405165
58840
37688
406557
105791
201666
254734
149962
261080
67112
50872
720
366782
1162998
67614
46102
822202
16977
147445
255393
58271
123920
562425
364970
2311873
228392
667231
12610
168890
391
734650
64205
135
125517
88389
686105
1126120
1435872
128568
10462
55771
246724
474888
735100
210436
37666
285277
123415
551106
122199
177997
260877
139240
98467
574558
11020
636885
185656
294994
283188
777652
136567
746
173034
752466
1212523
98829
89360
138184
148940
7132
56681
46140
372022
157036
1329766
57079
89957
322691
208586
4150
315858
323068
919
107398
91153
300064
447348
87898
215977
128244
37136
290368
143648
1064013
423260
67890
1322189
45813
108299
123793
2258108
105706
147078
361119
440625
88416
202418
122535
56
308
70965
147432
30168
72112
30993
802431
290360
148789
283269
375910
2350121
282797
249893
92664
349602
56761
572741
158044
147957
264339
2358607
36974
1080071
16723
136537
120264
1227826
136542
30252
117588
104675
337750
65407
375944
66764
58924
122500
56958
45852
359232
122193
91003
123881
478445
72417
87719
7072
56716
434130
552048
128439
106105
803474
3912
72310
214850
87709
294968
11148
88317
58273
264467
67673
1622146
64525
137067
221860
149059
69488
163957
107790
119789
30820
1398858
159339
120626
320857
88227
46100
12611
321958
66775
77081
2084480
1190329
137350
58917
62596
155385
260823
148110
3836
280345
463021
495
996840
276080
57763
87708
147068
107459
148326
51084
140801
108616
56608
38745
105767
149383
378094
955236
1204274
31268
36970
324183
159543
1111372
87699
347288
695613
494722
108251
107374
939270
125725
93026
87686
62725
377403
173292
226666
697636
132094
200813
93856
441684
189537
148007
889
343267
1232929
17698
36826
123409
123962
56929
2360626
64552
197413
373288
723333
372925
1462927
141579
3906
146695
347861
148654
143571
129753
734654
379
67659
1616727
2342573
2320013
1200133
159360
148886
1108346
475289
2315566
260762
830
88542
146995
275042
177296
398
144435
58729
37486
593647
68892
254777
375756
260793
1508343
12546
148441
56961
681823
173057
322606
108075
64678
132404
148711
29480
16704
129801
1673672
398429
46055
405156
93952
195664
28857
188504
123847
1005372
147373
108751
201503
254335
16920
66351
193583
3880
134555
31279
17000
1082462
316945
112550
202372
157440
120461
2366380
423070
147433
156767
399232
117975
107997
1611463
662570
15139
228356
56888
147202
29549
146642
88305
202054
108110
86158
66762
183922
38688
322449
149627
37391
50997
127870
46383
601637
376654
222872
779142
1155
315792
1881358
94144
58861
2103745
709975
345042
100065
193626
37626
128214
146954
147131
188547
1873582
475428
2155131
147807
359279
59227
58297
160542
57183
105315
420780
694503
148120
244022
676158
185769
64540
143551
219993
148375
735102
37449
1334847
373226
3739
13148
252262
72487
38849
2349236
1449907
46219
86329
147477
280335
2321859
4359
143636
37032
1572416
228498
944583
127463
250831
314423
759717
569401
16636
22321
149175
147297
939476
687369
62495
14918
155441
1295120
130274
120329
86424
58927
322640
75042
347897
201963
16604
10458
108109
1856606
146944
1256125
7100
501018
712597
207493
120596
72265
4456
6082
122554
2367030
1102284
106120
57353
149228
62726
812807
132175
29456
144494
62517
172078
464479
148590
64571
108426
658249
172352
92966
552996
1128281
190351
280352
158202
201498
3816
56634
134866
16893
833
59009
117303
1294
37115
105283
453461
2341483
1234378
77179
88207
50960
473008
1007066
1411582
345327
2061212
134849
132261
381846
132100
56591
961444
56685
148274
364961
16728
51080
150773
226508
1583817
2365563
1685774
117859
253140
66129
6988
1002609
1180717
826975
315659
168757
107366
252270
314044
316951
646472
38601
143625
4389
264356
105781
92765
335208
759956
204051
88243
170644
254320
259506
323056
46043
242719
2252537
98481
64820
125733
471018
241501
242677
107509
98229
162812
380470
69350
830001
2223976
67111
132075
107375
66752
961325
794649
101096
1301669
98157
1463
349574
147989
1754292
321715
70825
108084
1040364
58199
260754
134865
101152
108512
76980
12602
1680925
147863
30352
148140
15003
98161
105289
11183
572602
127381
38613
1342
285104
37679
109019
159354
306
240664
191674
106131
55738
205104
768369
146679
155292
668465
367438
188550
91046
289447
268959
191670
105782
161579
155344
274499
193305
3756
72457
98853
62436
398591
172081
64285
50825
28970
1007514
336583
65641
768403
241928
2375899
250811
647989
338887
56941
555418
59262
7085
197
136048
50966
148952
146825
168112
16960
2051077
202006
1390909
265466
973784
1328444
134853
120401
1696120
62525
566701
58905
1156953
87897
168888
378251
343120
1209624
4249
107951
146948
299484
830395
167922
16684
51199
254366
704764
64794
223323
67315
453457
37507
58233
577683
169998
148770
735418
682783
117984
46314
147195
201710
418969
215098
144550
36923
380045
447358
120778
375988
202362
64133
447574
378584
147821
98159
10460
159250
398694
592778
240776
76404
3894
150667
50792
98187
230202
16633
573462
147714
72241
38609
192766
160395
69326
29651
38678
31024
147734
1170265
29542
485130
72249
37513
148236
125559
108365
695852
128440
91083
555809
56690
1888613
147167
147162
128540
62794
98213
190356
29548
108076
12545
457513
668876
491358
1175232
12793
172333
128390
173235
38723
1887410
29525
17055
37641
147750
149010
72326
132131
314018
521292
28957
280613
765543
148442
30397
157290
2309519
123859
16959
123949
106113
30705
86313
668105
62814
146949
242734
674
1375106
501011
1489912
160103
124436
29561
58283
289817
67485
59239
108298
343170
147705
76200
72311
3964
64735
88258
373433
37610
11112
282778
57095
29501
92886
