2259703
2385842
132773
1353606
542357
995308
2189552
2349384
88482
2378640
2164392
2125470
646389
2351644
1210701
361128
171284
1948066
2136324
2338845
2392378
59788
1969687
1950216
241451
12632
905103
1161454
1418309
1539955
254749
2382025
2338697
249515
1401358
2363082
1685644
370515
803333
993620
772212
1170645
2386209
321982
1228622
170317
2393901
520777
126140
177989
2337402
2390568
1214916
378240
1501952
1564122
1392790
437562
696394
246784
76831
753390
2381187
254854
320930
572737
2370370
1313753
1494550
30536
64974
78920
2342110
838878
556204
2366867
2092342
2379242
106319
725108
2350747
228933
2348763
2385807
1458
2386351
1986745
1209257
128277
2390031
59681
395509
372353
86971
1749791
1054153
434233
1057879
383429
2371364
268600
63963
2392335
2365352
2168844
1474862
2386907
2149374
251024
602499
1683138
471644
1835715
282925
159423
1580233
90911
254226
2246411
1695742
2079085
2284309
72651
2223135
2384671
31034
2388343
1284709
250837
2315906
1501508
691191
803593
602697
175390
2285742
252342
2343272
132947
106839
1643206
2382167
2242946
2376386
260097
735495
594212
549974
124306
2375065
372010
207162
1172030
477837
243602
2371430
2337841
2387099
1742918
2382615
2389767
201136
2368134
310724
1946486
238907
383415
686249
2383642
614103
1582880
2248430
1314092
994953
2251146
2314953
2380363
1861402
2373418
138252
54727
322070
2356420
2379651
854700
322006
443229
2355129
1073576
109820
2149777
948853
2382392
2393345
1212584
2117605
2385725
810706
408700
827000
1855295
1722594
723337
402275
1976132
299731
2365764
751164
419672
833773
159470
447550
2387338
2349372
2370839
2388452
1048204
149103
302643
861256
2362677
799856
2390678
317282
1096370
1551632
1434083
423302
185875
118238
515113
411778
2343477
472216
2385659
2378856
2339231
2365788
395944
2371680
1033594
264480
602434
846769
30495
298953
2384978
160458
1047309
279370
1006083
2380135
736760
2358712
187206
707010
2319789
2367680
2362418
940132
170101
2012197
1918989
2392889
1312633
108415
2385586
1163994
2373351
58609
2363335
870008
1204337
601751
98332
271220
74307
379586
1141881
561105
697516
848604
1677064
187090
255402
2286989
98893
1991172
260960
147247
2331730
1004636
7193
2385687
172399
456134
2385714
1415
2363725
228964
125855
2257958
1070655
405326
1058813
227659
158328
70014
1102351
2381467
58570
2324505
276104
2369253
786675
2167988
223717
108620
1799958
174365
2323725
215983
1188157
260879
144693
2303727
411843
1397088
2006505
1595429
820447
224338
376508
395409
69386
1473410
1429797
780692
2368247
158616
457509
440987
463064
1091
484937
2360544
410485
457711
51122
64239
689283
63043
667886
516119
992977
157375
67548
75182
1198863
2331813
158324
2388687
108471
129821
12636
2374325
1810762
88532
2283943
429671
168642
2361605
109811
149651
367405
784441
1353631
30882
107559
337765
2337863
2358784
2385795
276070
2210281
1524007
163696
108923
258285
266396
247260
146922
136034
171780
215501
148128
260767
814
1039231
123992
177132
253612
280333
1313
281421
4011
17283
17161
716414
1566920
123529
778653
289181
147142
281455
58213
98158
109190
418
91116
67634
123856
16071
50855
69047
1268327
168638
16980
29417
148935
2248174
726661
359633
29524
281688
378084
17175
28916
141523
64206
58918
339016
290421
30255
66866
58744
107446
74020
112550
128222
11080
819617
244711
976239
469444
1157005
338921
314405
88426
58733
302340
316956
490204
1233104
245612
803545
104619
37187
858487
174535
4325
205285
147435
256448
860127
146798
155343
99719
753430
67725
37560
265963
226470
1205678
86568
1846149
146740
226666
16879
11027
123907
91083
56665
138187
170566
159399
1232934
207484
98677
72565
