49606
18692
36772
75661
53010
59404
14770
68712
69097
18846
67370
47649
48136
67040
57052
45885
29627
71704
78977
20737
60077
47333
37891
49873
13827
16700
40879
35580
39980
62255
35623
36158
35138
49869
72929
56406
54897
60982
65380
44937
25733
49112
64636
50184
35957
56090
22118
3019
16262
74134
28223
30687
26874
64142
26276
26401
27074
34184
52577
39170
23894
35934
70081
33816
36268
37233
42708
40679
15173
74379
52791
64186
70204
39522
52245
26270
44609
39179
8339
76283
56617
37703
25278
63041
39241
28002
51852
25240
58266
52124
55822
57540
30284
45394
58441
54428
40199
15602
53647
8401
58614
30693
55120
40781
28516
18019
48309
35332
53052
30714
47280
22201
47624
46045
50696
34174
74330
34408
22085
41569
51248
26658
17820
58442
16982
36093
31403
28860
22042
70778
31030
32278
61522
26502
21958
17724
50849
23799
41393
2468
23892
43763
25292
25813
67877
24047
2728
58898
65944
33577
36136
39084
34821
25585
55541
42908
48108
50192
18883
52085
49456
51777
47355
42676
34449
33338
56139
56546
51206
54403
16887
3677
44216
25980
26618
10812
33263
30663
34997
55885
49486
20989
16368
26841
50573
30522
32298
24892
17848
25750
47723
36449
17011
59754
22615
3236
49988
47948
17154
31562
56625
49425
34778
27039
31463
43351
18480
39921
51657
31752
42687
34566
39350
55729
52252
37392
41052
23599
33721
29314
8324
43939
31064
27006
51362
3637
37831
35845
17176
8396
8088
46418
32630
35509
38222
40336
59734
17322
28396
7182
17280
17679
23514
45084
16868
21343
50834
41984
29985
17218
49566
14175
29725
40820
13134
27786
28788
49378
41881
6809
18762
34635
22733
32051
22744
35823
15095
13472
21038
37293
2574
19623
5693
45089
24823
42539
18215
28263
29953
27030
14854
32172
44342
9916
20478
44444
23186
21063
21480
28139
17495
34607
22043
24853
18440
34698
10487
22131
45998
32220
3116
7997
3305
21042
33179
13299
13166
5513
40490
30746
12843
5588
40180
5403
3369
22619
10336
31364
30425
20590
34618
25252
25468
30854
23446
6603
45236
14033
14604
23701
31610
9485
19446
30886
17319
13329
3430
13932
11998
15828
38661
17636
38676
24868
16666
38897
44356
28435
18795
51883
34438
34726
20483
38264
35735
42635
29541
34600
16243
35502
9565
22695
43760
20112
31421
18704
37687
31375
14168
26217
44201
15382
57202
7601
32488
14695
26032
40603
13826
10421
25409
14932
1982
22469
14153
9816
6793
7468
13047
2058
15283
11810
475
6390
19565
789
25109
30000
32930
2535
10166
2693
19949
38657
19602
9600
13808
783
4604
25190
854
8643
11076
2194
10961
1006
13274
14998
530
26305
4307
5032
312
811
1465
1654
168
9529
3421
42
10348
8947
21517
6666
4873
37431
14831
15756
24726
4457
4908
15088
22317
24117
8597
12917
18314
12221
20159
5293
9745
29196
16115
19436
930
8622
11057
17180
2563
11027
1457
4599
9818
3368
14463
14608
392
13273
2917
21730
6579
19626
15576
15914
9907
4555
19401
11433
1447
1307
13015
7738
25042
23457
4832
11774
2234
11965
6096
5389
14675
23097
21514
3819
1642
18163
10338
19415
14305
13687
